500 2
12.68566296 -8.75329861
-4.36888183 -6.95137772
13.10468553 -9.14027739
5.84997974 15.43330725
18.31258116 11.12616668
7.85872001 -9.82665389
18.30142149 11.49606698
13.14987181 -4.86539561
-15.55252580 -16.55388133
15.84296614 2.56091757
17.03169291 -16.37678885
-8.85079138 13.11718821
-3.43065968 10.84321933
-1.54032864 -9.66025068
-11.25282357 1.52529711
1.74467608 13.37117723
8.48205640 4.94899754
8.48050254 4.90379857
17.74608737 7.74401390
19.97667972 -8.22569641
11.09674146 7.47900862
-11.03928165 13.96754841
-2.64180549 -13.77244827
6.84399476 -14.45947976
5.67488161 -18.91323493
7.39948577 -1.61628928
13.88498182 2.49773168
-1.52556846 -6.36063452
-4.56303177 19.81641996
-17.14149201 16.01281930
16.78884638 16.70279905
16.07453119 -5.75180824
-13.16333157 -10.73605255
-5.48320612 -11.65141508
12.84517405 6.86454575
7.37170472 2.08603472
-2.64173663 -4.29799874
4.42850441 -4.04687687
-9.93918810 -3.27700908
12.35634145 -14.78990002
-2.07519898 17.25581810
-8.54666572 16.26832302
-9.96473436 -0.93278435
3.67115580 -7.98526570
-6.88871213 6.02056055
-6.47838602 11.10786257
3.22291396 4.82359119
-17.61960662 -3.68045074
13.45025427 -11.89161289
18.85056729 15.66473354
9.36598829 15.07515967
-11.70058322 -7.73435557
6.16156059 -13.64569680
4.99025196 -13.05782248
-7.02466426 1.78510155
19.15685292 -16.53685869
4.21883187 11.50366453
-19.51390630 14.53467294
13.73322160 12.37048656
3.82513446 -2.71090439
4.88099324 0.79065389
-0.55958814 18.93472280
10.21887992 -0.66318489
-4.31743508 14.20677391
16.58213445 -0.98480789
0.88616306 -13.32672273
3.48253428 -10.00248467
19.88364781 14.93812028
6.27549564 5.11408133
-13.58500294 -16.16560546
-19.77252623 0.71739528
9.02428163 -0.05209961
14.74989621 7.50808343
6.90542202 -5.85440719
-8.40428760 -0.33551814
-18.58247270 17.62485912
10.84246943 -14.33916922
-4.65743480 -7.93916312
-3.67989356 -19.83256939
12.20212977 19.47350173
-9.77243328 9.66128579
-2.23941598 13.51070038
-14.67270877 -2.75340815
-4.53269443 -13.33175214
-19.25222492 9.68664125
5.14312951 -4.78198458
8.65744944 9.63202507
-14.92616140 -12.15684707
8.26865122 -1.05786573
-11.72836639 5.78536855
-15.44856565 -6.30211897
-9.36787234 1.78465225
-17.99064439 16.82377300
-10.55822140 -0.99083616
-4.35470609 -19.88085521
3.02834232 -5.45743248
3.57713794 -1.33060870
-19.42002385 17.64897042
8.27610191 -0.66444871
1.19851441 19.85548917
-15.56102948 -7.16768013
-2.64933451 16.48954328
-18.62912358 -9.76402685
-15.16542199 -11.11344706
-0.91885448 -16.85266808
-5.32760575 -14.93007805
-5.76017462 -19.34648706
4.88230406 -6.90234525
19.92191330 8.05443234
-19.06883394 -5.00359688
-6.80985673 19.40043487
0.37031494 -15.54773210
19.45796290 -10.09638117
-0.51378758 11.66522707
-3.44331738 -12.75869473
13.58337657 -0.91844106
8.60306689 -5.77850982
-1.11304613 16.09297602
6.28150181 -6.16140225
19.77652384 6.28725955
7.09558356 19.09457395
-3.19668235 -4.18131343
19.27940700 -18.65950390
7.83511791 -9.99637521
10.91199314 -0.05844621
15.91429965 4.41730063
12.39457926 -18.39566264
3.01129941 14.22626030
4.93711435 5.13808655
9.26934244 2.06622207
5.50390758 -8.25666684
-10.25418160 -5.23013430
5.87947940 5.08431562
-10.44730198 -17.70904484
10.88307785 10.45033130
-0.01090241 -16.81867543
3.73038016 15.28349382
11.93091249 16.94121789
1.83860129 -11.20773581
-9.39489162 -15.40482101
12.46325799 5.26004941
8.24490773 -6.03292740
7.24420963 -2.57922662
-10.60021502 16.77050594
15.65654635 5.03708466
-17.30694350 -18.87104927
19.67936342 9.03764266
-12.21404025 -9.85617880
13.93607425 5.10419540
6.61696812 16.54751372
-14.86378184 7.64413766
4.52372615 -8.77391916
-19.74940389 8.90794653
5.55883017 -10.82252732
-11.27476902 -12.57572355
8.25653988 18.97816924
-0.75595624 -5.84917932
-4.12707118 -16.60727258
19.26485840 19.25401359
-9.46974058 -2.27780318
-8.64610859 -4.60840936
3.09770843 -5.03533421
-18.35213302 4.58292467
-4.74085241 18.25845155
11.87891660 -11.85081796
-12.04020065 -14.73256756
-19.97764883 -13.14710917
-3.26841748 5.33505836
-10.46110266 11.43743233
14.85160772 -15.53154993
2.77458723 14.71893187
3.17886331 16.49325500
-18.07042087 18.88298250
16.94047337 -16.46935258
-2.92147653 -11.28875196
12.79450533 -2.60121133
-14.72392860 1.12735784
-3.56750923 -14.93449453
-19.66557444 -9.74171920
9.54953335 -18.94538196
-2.33628849 -9.36758793
-14.78192751 9.17466054
-1.69099160 -3.76895308
-1.11635243 -4.72369126
19.67773702 -1.13360042
-2.51321689 3.06656791
-18.91316852 1.77236576
-18.15604786 -13.24524730
13.45979104 -4.16672811
-2.52827260 12.33641624
12.95577074 -9.50727212
-2.29929658 -4.28603219
0.80123166 -6.48528337
-17.71154284 16.93026685
-13.01711261 4.38928710
-3.85290750 -14.94936697
5.10911642 17.08584855
11.74975022 10.11727510
-11.82991408 8.86130433
-1.89349979 19.54445117
-19.30925936 -17.12867620
0.81066837 14.00915550
-19.39578977 -16.92830352
-1.15994130 16.51395702
7.89290429 4.68986165
9.65795800 5.72210051
-16.40007750 -18.36519084
5.09964202 1.97605315
5.13054596 9.79423880
-15.65928901 -10.07207325
4.81875264 12.37968300
-3.78032968 -8.03622800
0.94275140 9.47193033
-10.46589333 -0.05841090
3.70915716 -10.30201439
-4.18178837 1.70158755
-5.04069068 -11.41308880
-14.46158487 0.34004740
18.20656562 15.95515435
-14.45433461 7.50356493
18.49358137 -9.22466188
-12.09157608 13.13582351
9.06995534 6.08765930
-4.21377285 9.99134968
-18.53506296 -17.92265976
6.67581234 -9.47411741
2.08731890 13.97930734
-15.68750849 -6.18465781
-14.00170840 -17.91693342
8.33053372 -18.94124673
12.61483694 -16.52544245
7.92549889 -12.76367039
9.47243691 -16.58616524
-9.23159804 9.60731797
9.76889322 -17.86356746
6.94324288 15.43022733
-9.25278949 -4.43511240
6.85207394 -6.16282986
-12.89918008 8.18253265
3.44303498 -6.86498420
15.81074254 10.55502860
-2.77329150 16.94232213
-6.97580566 -0.33318188
-15.54993940 -4.18479352
-11.28465203 13.13543547
18.06143178 4.23972213
8.96025086 -5.38349767
-0.85378462 -19.51055279
-10.59362269 14.39643209
13.61951165 7.65452164
-13.04149213 -1.16163238
-15.81542701 0.09598974
19.48625769 -6.42574645
19.40079336 -5.39428607
-0.33930427 13.89495973
-12.62304737 14.54048015
0.69072709 -15.73765480
1.31871671 -7.35936293
-1.59338630 4.00006476
7.81804408 -14.47952572
14.63427563 11.71625776
-16.32124318 3.43411542
9.07337653 -5.92781366
-17.82068281 -12.42505940
4.26863316 17.79775957
11.91649298 8.50695853
-4.68467657 -12.22066277
-18.43902622 15.59130168
3.06515973 -10.68054636
13.85788663 -16.30256468
-9.94146542 -8.92453493
-14.53802991 15.16308215
4.83045781 -18.45820941
-18.59807887 -13.20106010
-7.76057160 2.93095151
-3.24179523 -19.51962882
5.20803480 19.53123766
1.84228478 -15.34561173
-7.25572613 14.25975395
12.93295616 -7.01828317
7.67067580 -14.69593146
-1.16831069 -14.72495983
12.02824913 18.79061792
-9.46323821 18.11698788
-18.15300452 1.59242119
-13.15772013 -5.87403366
-6.38198583 4.23161775
16.38586677 -3.17278040
0.95130059 -9.98943880
-10.52836937 -19.10141874
19.15939147 -12.08670267
9.91636235 2.59020427
16.15281005 -10.18807857
0.99142348 5.07077420
0.45843616 -11.63486429
18.94865057 -2.01651652
6.44094380 -8.99762064
14.23991610 10.60147590
13.88865478 9.47106804
12.13951762 7.44560908
7.67763491 15.36256786
-8.39229825 13.29228874
12.71840870 -4.73330214
-0.27084700 -1.96638730
-18.75861190 -16.03962493
7.25250783 -6.11312394
-10.19007108 -4.53288798
-16.54613783 13.64758577
-0.79039254 -7.06672384
10.95662462 8.21467073
11.52578467 -8.03654547
7.99544468 -12.67938433
-19.13185615 15.63569964
11.89286294 1.15445782
8.24676171 -18.03150025
14.07662272 18.80084097
-12.31557076 -0.28733012
-18.71453242 3.10178783
-0.46040404 -17.37132824
13.92576854 16.21447875
-15.25911246 10.38917514
-5.99333568 -14.58497716
12.84951572 -4.62971910
13.72443469 -4.67137390
-7.63728906 -17.92796712
-12.63745415 17.66667109
4.35155825 -16.33138112
12.01195095 -2.67824040
-7.58184202 16.67264672
-13.97198515 -1.18325050
-2.00523268 -10.99819624
10.08019302 19.24972866
-14.60360573 -10.02588339
-1.85318558 -18.90383899
-4.50924824 -18.80343150
-6.05794875 -9.11900472
-13.41044426 -1.52440903
-18.83343107 -1.76336538
-10.03676525 5.44117951
15.03237960 -16.28917086
18.65123576 17.61757611
10.96428931 10.94894819
-12.63666862 6.88739543
12.89236042 -13.81908646
16.44474727 -5.91392603
0.91762836 -11.98397865
-16.73764786 17.09208806
18.22374874 -4.95859676
-0.45725853 1.60611023
4.43894950 18.09506463
2.85954247 15.53321225
14.22942786 -10.75849612
-19.42519251 -15.88702522
19.01447151 16.39370898
1.12834631 13.04335324
13.39000517 17.55039110
6.24567644 -11.39859616
9.98994045 -7.08455320
18.00577733 -10.25027856
-16.64029800 4.74503836
-2.28235371 6.45567028
-16.39303632 9.35889140
-6.69878120 14.87200501
18.20231090 8.11168458
2.33342691 -2.64996151
8.56435183 -7.70490954
18.80218695 12.87990507
-13.04732035 1.38259519
14.71099459 9.95364427
-8.72114826 -6.43754679
5.73861222 18.86354232
5.38470788 15.12300917
7.06066456 1.25079435
11.41899613 4.00784990
-10.74187551 8.14110777
-5.85765587 -8.79196976
-8.20947195 -19.70327752
12.77934880 -17.85847692
-16.68603183 14.41294083
-6.01194353 -5.73393863
3.21526947 -16.79902952
-6.92827054 14.39882671
7.84796001 2.36589215
11.97456822 -8.33166883
7.25367736 17.93437356
-3.73609098 -15.96814713
-3.74556350 -16.54272896
13.82582475 1.45580016
-7.71035186 13.90235132
14.92898173 3.00915118
17.43997659 -2.16985069
11.66999186 5.18643703
-16.45808020 16.06488478
19.86384867 -18.14614974
3.51604846 14.38660882
-7.39030411 5.49076635
13.40176055 -6.66208753
15.52934894 4.00491764
-14.18778641 4.50330566
-2.43363099 -12.66707433
-14.98330943 -15.34897011
-3.02580004 2.94376929
-6.58557261 -6.71738540
8.80825913 -14.99384351
11.28969418 9.90675091
-0.04208881 -7.03140342
16.80366580 14.18027505
-14.46228292 12.10321187
-2.19691451 -0.89564050
-18.98316435 16.95388032
-19.63694171 17.96418852
-10.90497448 -14.38346666
-12.71738359 -0.49953081
3.94057542 5.26159846
13.72723551 -11.25169862
-2.64052853 -13.21954609
-2.86390022 10.03495905
13.16091187 -7.64693774
-17.08691047 -5.87799276
16.25528792 -7.02327076
2.24480015 -13.83275841
8.04118464 16.91107791
16.26980213 14.70756642
3.25462022 -1.42281784
-5.15428561 -1.96098820
-6.94803664 -19.71611596
-14.21158404 12.04546009
16.62912169 -16.02917108
5.33539274 3.13870939
-6.05115820 14.22037228
12.94037175 9.43819810
19.48906917 15.17627442
-9.66314941 8.27839506
-7.86518120 18.29167932
-5.65556753 -3.26823070
18.99559429 -13.18201465
-11.98380644 -9.29303933
0.53849292 19.11893945
10.60217297 17.10818037
-2.72466382 -0.67102245
-14.74123044 8.29045860
5.20249790 16.22190980
1.06076341 -9.56972514
14.26350955 16.69964177
-12.85075722 -18.99209272
9.80132404 9.07941389
-10.44938116 4.27891181
-16.23794933 19.47178849
9.59551544 -6.61324555
-10.11003035 -3.53080759
-10.33388783 13.60529181
11.24734089 7.09717620
2.14311511 -7.12455640
-7.44450487 10.39524678
-0.05430424 3.23781716
12.43865132 -15.62670887
2.17373672 -11.38310504
6.53474083 9.60976098
11.85057414 -19.60134220
14.05435946 -9.97604677
-3.66124967 -4.84852829
19.51823352 7.71102236
3.92159281 -10.07531840
8.46391340 18.01100210
19.22009770 -11.02695128
-4.75782201 4.37630685
5.59612636 12.09121356
8.80052048 -9.48833144
-12.61265689 6.08305111
3.54674617 -13.82603770
-14.08234279 -18.09933736
16.24237157 -10.08986374
-0.28130977 -8.03052259
7.26386311 -14.66526364
9.48472600 17.22425899
19.13292287 -5.28031590
-5.00195281 -11.33997256
19.01212182 -12.15293959
3.36140723 5.54158635
10.95234845 13.39608458
-13.34024044 12.34345851
6.81420771 11.47376153
-8.80830262 -6.84520109
0.22972671 13.79438941
-15.09392218 -1.18073226
-1.95111654 1.45062454
-17.39344819 3.26513828
-0.37627702 8.86681426
-17.64738191 -3.32219709
-2.43825569 6.56011563
13.57806033 -2.29342783
-0.28223485 13.36388247
3.30287767 -3.82119492
3.94080502 16.85071832
-17.52851033 -0.67518022
6.44021091 11.34422181
1.86870040 -7.99766640
1.72216104 19.67533807
13.95848880 -1.22020620
-5.02383951 -3.74058777