500 2
-14.44771754 5.85442485
-13.95581840 -11.40057974
-2.65320843 6.58539029
-18.63561573 -19.89218245
9.62138819 19.65567530
-11.19504590 -12.66036035
-19.77265436 7.16938695
0.19164399 16.49047657
-12.19269360 15.15509608
-7.44144181 -12.53606865
-5.83896050 -6.50174386
7.85602959 -11.68333651
10.27501614 0.64027487
-11.06442847 12.66002475
-9.84373249 1.28500715
10.38476419 11.53213446
-11.72275714 5.60495934
10.72378684 11.17530017
-4.99704626 -11.15224681
0.52278570 -19.44564029
18.96390052 -13.92647220
-11.99635339 7.55869894
8.06466477 17.45340055
4.76249497 -8.22187929
-4.58489306 -12.05767549
-19.38802875 16.46475834
-19.81014986 -19.43709375
-12.40504316 7.43358446
-4.68264530 -15.47859032
-7.59600182 3.73607648
-8.13540014 -16.15436358
14.55752894 7.10398347
-16.89617228 18.32857884
18.07399659 5.88375160
-13.90619390 12.54855475
-1.19163747 -1.17758177
-8.99404512 10.48343363
1.33962731 14.55193431
-19.52070118 12.18061575
8.91987910 -7.55837902
18.50534449 6.67620300
18.31029152 -2.51968341
18.77073105 -11.61624280
7.56800593 -0.98014734
-9.55502061 14.42309012
2.15880780 -19.77223079
0.55158591 10.55826782
16.94672506 3.44165271
4.06356030 19.62433046
-9.98969526 17.31971849
5.42747775 -10.32827821
10.92932613 -1.22784997
2.96526401 5.09863785
11.00616647 3.38237117
19.53277814 14.67022183
19.16308396 17.14334357
-9.58412571 12.13411901
-4.31046319 14.88844129
-16.93909125 -6.33315429
-16.93363743 -17.21785879
-17.36906830 11.85607410
0.04205396 -9.10058182
6.50050240 -10.26533123
5.85975259 11.36864369
7.22243992 12.34454581
-19.27763950 -0.54331440
19.61273564 18.66948518
12.93819773 -2.31763298
-0.17825435 5.90920792
-8.67909828 15.80621328
-5.66533168 13.24033404
15.19107766 9.00185650
-4.92189686 -4.11221461
-16.60470011 -11.18396145
-7.16325331 8.74911715
-17.11080945 -8.11283631
-15.88950901 8.01312347
15.21468253 -16.84025699
-14.24381352 16.05706838
-1.86654068 -7.60010156
5.68306469 7.34033079
12.20822654 18.07921702
0.54535565 3.93520745
-13.51236844 8.03798783
-2.25180086 5.86268172
-9.37432105 -2.48057144
-11.00750244 7.37127312
-13.95371212 2.57174034
-1.74850327 -4.11966682
13.80885938 -0.88319075
-12.68356681 15.10808894
-18.89512613 6.87987071
-4.56242513 -18.25433812
-0.37557976 6.58501048
9.97402698 6.80751260
-15.29444261 -10.59859332
12.31390150 10.74038578
-13.85918184 -11.83318555
19.32509914 -10.02812828
0.26904861 -5.60912121
-0.00333401 -6.59169314
19.78841222 8.25184772
-18.61145966 17.30655925
7.86776340 10.37292900
-9.62219922 -12.98004078
-2.88104472 -16.84191923
-1.71121546 -9.07417750
-14.42137530 -17.95457962
11.84411008 12.18266830
16.83532674 10.43926444
19.37621429 5.13106586
-8.02345820 5.83117816
-10.62976660 4.49794938
14.30344685 -4.72201344
19.90861987 5.77053874
2.95642578 -0.48524933
-5.67220394 -18.82567271
-5.76082808 -8.53523137
-6.05899742 9.52661456
15.14665745 10.26990980
11.57035459 18.76172449
12.67612966 -2.33707042
2.56877626 -16.23981222
-7.20057180 -12.75152560
-5.95522570 7.18379252
-19.10297949 0.97094007
-14.60027885 -2.63199685
11.37566822 18.00882088
-1.23539917 -10.03995241
11.86574260 16.86963267
-10.97987594 -6.80703583
-12.55287952 -19.10974186
14.75974034 -18.34075699
9.30979275 -18.70051141
-1.51115743 3.91710260
-10.47059817 -1.43683055
-18.20095649 -15.51115747
-9.79375492 -1.90579602
-16.27255176 -9.05220694
-10.76303384 -16.16728851
-10.12581192 -19.69484041
-4.38584758 -17.88149801
3.59183338 5.75501086
-12.26634656 19.70095406
-5.58490376 -16.29153763
3.07301121 -4.49360177
-16.76336281 4.16617659
-10.52293240 -14.78434581
-15.01026084 -13.74066107
-10.21583888 18.03801928
3.52082325 9.43664369
-13.98714021 18.72422673
8.09435432 -19.00170952
-11.76595145 6.32968044
19.71575751 -8.68549903
-8.21565995 19.30255498
1.76952210 18.36506441
-8.07280044 0.91750462
1.59262608 -12.01371668
16.14473808 -5.94517047
-9.69250831 18.42610362
17.62143732 10.07947739
-14.88294959 3.05533438
8.63848908 4.74477945
-15.96700322 -7.93822513
-2.73318406 6.29637889
-19.28334957 -6.65492454
2.80853935 17.44447141
19.25373520 -18.84093884
2.18918662 -10.33810530
8.91137917 1.79013909
10.09428758 11.60189429
18.73818825 16.58444412
-8.65664229 -8.05716079
-9.79226889 3.99098817
10.10826420 -0.66513386
-19.14260533 -5.47900642
-19.59076411 -11.14313845
4.07016006 -6.92773185
-13.21178046 19.97963659
-6.58457226 10.61250029
14.99771093 16.26855111
2.47785358 15.77520735
10.07721523 -14.37076987
4.23828311 -12.90099197
19.64540358 4.10650530
7.56674165 -11.51950880
-8.19180799 -11.01633907
-9.86507108 9.34927139
5.00008820 12.80535053
12.63950458 -13.95607159
18.48585264 12.82357843
-4.93923898 -17.50968721
4.58351397 14.30111713
-19.69161420 15.61609084
15.43129465 -1.34374481
1.33257157 -17.15835787
10.28039730 -11.50411044
-8.62455404 -2.33973087
-13.84933156 -15.03121557
19.49174346 4.21904422
-17.24362147 -7.83302917
17.39353476 3.30211443
-19.91468162 -0.93138600
-13.32373249 17.19395551
16.76026894 -13.12070629
3.01424008 -17.70420135
-4.64544077 0.59229905
-17.42378112 -4.00445443
19.52635205 -9.80656826
12.98578951 18.27081038
15.34486406 10.14869626
-4.93867466 7.43370096
-8.33582188 -7.14207530
18.33247543 6.38766772
17.89826821 13.25538429
-13.42932831 -1.13790644
12.49309108 6.04837352
9.88601650 0.10785702
13.90953412 9.87751679
-15.21584633 -0.16754628
-0.51124218 -9.32560787
-7.31240184 13.54692461
-17.96511821 6.22489706
3.82154895 -0.52005051
-19.31195088 18.04042955
4.44602386 6.94541453
13.97243964 13.01441994
0.40241299 8.78081239
-1.58469640 9.22036327
3.94201212 -0.98399402
0.44017844 -8.08965939
19.25038878 5.35059255
14.19007231 -18.41345624
-12.75293296 13.30146934
-17.39013193 7.91629867
2.00468998 -6.24692730
-7.01100690 0.27944094
4.77807493 -6.38347917
-8.49657091 -7.54949086
-7.33613143 8.54469262
14.24793179 -13.64495549
-10.20655252 14.31059002
10.67449544 15.77379636
-16.24242425 -2.16296375
11.07569508 -6.01595754
-1.75195689 0.46806124
-12.46171954 7.38770117
-4.38110338 11.47393422
1.61053365 -11.46231681
5.30014762 7.84045755
11.31796351 -0.70914113
1.45977796 11.65928395
11.83659250 3.04763641
-14.26703062 -12.48254315
-11.38844974 -11.61896705
0.83585144 0.80308426
18.74053409 -4.78365657
12.78707484 -11.90095577
4.56670999 -5.23738247
7.48853030 17.36228584
14.92222073 17.73284356
-11.88244295 19.50549834
4.48197677 4.71884522
-16.07552543 16.77414189
3.56225830 8.11305796
15.22553462 -2.09507601
7.63837258 12.87304042
-9.85857226 19.45950769
1.20603334 15.40508585
1.26214961 19.40805658
2.92994542 -2.86104856
5.47667176 -17.80582281
15.94172100 1.83367788
-19.87355721 -1.72419215
-14.85036898 0.38717546
-18.93716148 17.85942903
-5.24318669 -2.44736440
-3.33685774 -1.69182828
5.21019953 6.30777301
2.34528817 -18.81771022
-1.50566223 4.22540694
16.84955378 16.29511486
-17.60547697 14.22213800
3.10885709 -19.80936607
-15.76848353 11.16054285
-10.40980554 -12.17803656
-14.39859368 8.81839479
12.27338262 16.86311886
9.12459972 -6.14963574
6.03522087 -9.71427701
17.99623716 -9.30683569
16.18288644 2.55340635
3.88753450 2.33590847
18.38829379 12.17014686
15.86833885 2.23490442
2.73606161 12.90440123
-12.14298346 -6.80420595
16.12929101 -11.05152257
-18.36185507 -11.81220102
15.57917244 -17.22142551
10.86792135 11.50255756
12.96867066 -1.27029791
1.73861842 -7.64971668
6.36036439 13.18463663
1.99603404 16.28091066
11.64402132 7.31962198
-5.04483789 19.88311880
-7.57056759 7.63639660
10.07008140 -16.11493897
15.10369871 9.76587552
2.92355970 -6.92969476
7.74877920 13.15130418
12.61836161 -18.59005652
10.08063542 -19.35039468
-3.03563536 0.13604645
-7.78877064 -13.31447616
-1.73516670 8.99955174
0.07817574 -7.07713649
-11.00329804 -1.12900821
-16.99848308 4.53046547
0.05054007 -0.02992225
-10.10777811 -16.98039402
11.59991220 -18.30019424
18.30931110 1.78901471
0.67522402 5.19580406
10.29321741 -15.87670762
9.29098629 19.00322273
-12.91709836 -13.48183222
8.37567536 -6.84722226
17.52945011 -15.94699708
-16.64547497 -16.67536829
-15.17929519 11.38039240
9.22548825 -11.78494627
11.30150189 -3.09137029
-2.56900422 6.85026105
-11.21397858 -1.01011387
16.10286296 12.88067274
-10.20739946 -17.87023616
-9.52879123 19.65605939
-14.15860215 11.96094681
-12.89444212 -6.55256104
-11.57306764 1.94083849
-18.88484952 7.02394396
-14.65109554 4.86107238
8.21666168 -6.36994868
-0.73674456 -13.23418441
-17.41912720 17.99922406
-18.86168600 -3.43691023
-5.94114709 19.50956662
4.59412232 5.03730468
-10.67035628 13.02594175
19.67373370 0.34691762
-14.03434883 3.20280037
-0.95497501 -1.10251930
0.78795676 -4.16380348
0.63310641 -5.74094243
0.79716706 7.86417639
-12.90017934 -16.81890760
-13.65262257 -16.21661719
-4.62018052 -13.04244797
-8.81859659 -5.27829334
18.34394416 -10.60197875
18.70716320 17.68346840
0.60069459 17.92961341
-9.29213059 0.77242517
-2.75814550 14.70351420
2.56871247 -16.97649839
-3.63252905 -18.19195587
-14.27402788 -7.74857768
-10.04738645 -0.22723470
17.72451752 17.98501883
6.24962580 -11.30457223
8.86588811 -6.49505525
7.21608003 -0.37795533
-6.89697215 2.71939650
3.30329753 13.49589750
19.13049415 -17.78966821
0.62171624 -13.60050965
-4.16068194 -19.32890174
-2.30281944 6.51519774
7.28821367 0.80177968
8.11984960 -15.27417210
12.41263286 -5.48417071
11.56925135 -18.96138954
19.63289761 -11.93074183
2.00676876 -17.49960063
14.50268279 -9.90151222
2.45346765 -10.57429186
9.84830919 -18.12134957
18.60354710 -4.37992520
-14.90291218 3.89913613
19.27880589 -18.16275360
-2.69323788 2.55672603
-11.12531574 17.29552242
7.49841324 18.19924662
-2.84102465 16.11621238
19.06034126 -10.05240807
6.43578574 -12.71230931
15.57007041 15.84528341
7.71264600 -8.04272090
11.06606912 8.80304940
-19.39379489 19.57121308
19.74542847 14.79027020
12.17534042 0.24747048
8.37888465 -1.87121232
4.66371836 -17.82894342
-7.17463432 -8.41978943
5.03328579 19.24559458
18.16976562 -6.54714285
11.71016300 -14.87651390
-18.17832326 -18.07132538
10.05497733 -5.67751578
-16.16512844 11.52656463
-19.80748246 18.29385955
-15.23697792 -10.53860857
5.06570883 -15.69239500
3.00110179 -14.30253357
10.93829567 11.44075694
11.44239486 -6.62507553
4.02154872 -6.41053764
15.35048920 4.19077304
-14.38697193 -11.74122913
-8.20099689 12.70669824
6.00917249 11.92252848
-13.61285978 -19.11331603
10.87160880 -13.78083121
-16.36677864 -1.53727726
9.15966356 13.40304346
2.13599192 -17.70917784
8.71392129 5.18828769
-5.90674340 2.64123649
3.63416796 -14.48881115
-2.00647967 -9.16244106
15.95918904 -16.47133206
1.15444968 -17.72916487
-18.24255133 -9.17763971
-18.83645242 5.31194555
-17.63213937 -17.51808775
-19.34401780 -6.52923654
11.08279766 -14.77718306
5.50474629 -15.77680729
15.67300288 -9.21214416
-3.48409878 -13.12288613
-1.07938740 -5.21739543
13.01022442 10.34263530
9.13851489 -10.57235160
-4.08174083 -10.04074713
6.48166955 -3.14147167
6.02602923 -7.63701573
18.74118307 12.96864664
-1.52073453 -11.91338170
-8.05921778 12.67114628
-18.21356178 2.18035209
-5.46941716 7.53746377
9.53090798 -7.14378639
17.32618586 1.67454991
-6.05163285 -16.73932749
5.78493407 -10.27831725
16.65884633 1.18596950
17.49630178 -14.40136588
-7.39908417 14.94132775
-19.52206274 14.00462494
-2.64761987 11.75169918
2.22725971 5.17388724
0.51453580 -19.28999376
-8.25948692 17.65987537
12.83461396 8.12102053
-0.11493998 -14.04099185
-10.01003907 18.30890873
-2.89370783 -15.35520466
-6.87616796 11.00498030
-0.07953139 2.21085894
17.95509320 13.52743590
15.31148767 -16.29132715
16.38570462 17.21832536
-2.13169156 7.04156811
-3.25526530 13.12316035
3.37863113 -3.76114054
-12.66209444 11.18423097
-0.02789194 -7.79229972
16.26731422 -8.67890841
-11.54057233 11.95027174
-19.57532388 7.55282662
5.54899366 3.13301595
0.19406439 7.42431293
-1.37958760 -13.42731706
-10.01752426 -18.33565458
-8.90098804 13.19955227
-9.48036561 16.05526678
16.17132313 -10.12122556
17.24269351 16.34806936
-16.38656186 -11.39603715
1.82189408 -6.75177609
-13.80915088 10.89124229
1.33276321 -12.51406649
-12.67010857 4.01128612
16.59013681 -15.03952644
14.65807486 -2.17660543
4.41604559 -6.30594380