500 2
-0.58515052 -12.60713208
5.49804220 8.33410410
-19.38544672 -10.27805452
0.95149896 13.93308242
-17.99120235 -8.71537134
-0.97402842 3.15759366
-14.17101085 -11.77510936
-8.02949591 6.63851410
-13.61196615 12.83168384
-3.71857908 11.74852674
-0.22378878 -17.04420029
-17.80199539 -12.21254792
11.44826930 8.61286714
13.60719176 -12.54559175
-14.55786081 4.46497270
-3.77661350 12.06836090
7.44399530 -12.77167521
-6.17802031 10.98080165
-10.84676911 -12.07131919
6.22728094 19.57805762
19.97615163 -11.28248137
7.78537043 16.87263022
19.14136457 -11.55240909
12.48795592 18.32818551
-18.73423704 6.55250072
-6.36296136 -2.33483612
3.22154854 -5.35337068
-3.61301072 -2.10123658
-9.10964999 -12.49153963
18.46389597 0.36468735
-0.52460619 -4.53350927
-16.77178717 -1.38274171
8.19068095 -8.44810486
-18.92692250 -13.89488677
-11.65170194 2.48880621
7.61808406 1.81454248
-3.07098944 6.58884015
9.37669572 -7.03455685
-5.18510543 -17.61232280
8.38205580 16.00189457
10.38078986 14.54415766
14.54189416 -5.57206787
2.79672288 1.85623990
-18.97528654 11.11114407
8.42802388 5.04166344
8.83270777 1.90674248
-0.82998742 -0.34458799
-16.22721086 13.64368304
1.82030005 15.39463253
-17.03247046 -9.42242392
-17.49342555 9.78079068
16.31556941 2.82106161
-11.93123520 8.51654909
14.92797454 -13.02560275
15.80052928 -4.65446088
3.58717092 10.67019285
-13.46909084 -19.96421174
-9.60640329 -3.09437780
10.17684957 1.88617686
18.46281389 -5.82512185
-11.64129528 -6.28874289
-18.40009385 14.09856739
17.92522683 -18.94775354
-19.48820798 -5.96882515
8.83036961 18.03350697
-1.28744333 -15.66859593
-17.36759570 7.88946458
6.50409329 11.49914648
18.86658137 -1.87069845
-4.38648400 17.20624173
17.52284650 8.62651751
-11.65522787 9.06374701
11.46754252 13.99647558
3.07678272 -5.63919628
5.93598322 -18.95766984
-9.88150738 -18.50174697
17.95800873 -16.17696808
4.66906703 17.46921213
4.29374856 3.90023006
-18.04769196 18.60009066
19.10132446 5.27767007
0.06314768 17.15990634
-3.33964106 -6.74774456
8.13896626 16.78031484
-4.77887444 11.99845911
-18.34726834 3.86724857
11.60953538 -10.33171871
-2.76419800 14.29319716
-11.62769240 -8.35083668
15.74030270 16.45579991
15.74870548 13.03194315
-2.78042253 5.58456773
3.91995589 15.20832442
7.93794338 -5.30512652
19.35766159 5.23814137
-13.13580019 0.69085513
-18.74572227 3.29559036
-15.23137317 10.99318340
1.81752871 10.92177826
-15.17508066 14.68993996
15.20270921 17.63914972
0.56749688 13.31607098
3.73353574 -5.29848751
-3.24531653 2.53726313
8.95520980 11.96921133
-3.85531630 -0.09297129
-19.87314935 11.75638635
8.07447728 -14.53427822
-7.83350323 9.05340290
-11.71713606 -14.29493313
-12.29949966 11.97911149
18.57942733 -9.23756035
4.10870316 7.21286737
5.68198190 -19.19518606
-10.63789330 9.15315228
-15.09709387 14.21004307
13.07870707 -17.87980553
-11.08144586 -15.55840722
13.65571553 -6.98092487
-15.91941128 13.47131591
-8.92239225 -12.97947053
5.09705490 -6.34882985
13.39644996 1.37663953
16.47493038 -15.11188999
11.06936223 -5.89069927
19.55443854 -9.92443299
-1.67360859 15.14401551
-3.75995565 -3.76346444
10.23459909 3.65609118
-3.06186691 7.33775073
-8.32396725 8.78780223
-8.58887944 16.65007727
3.88730123 12.21559319
-18.23163292 19.11718390
11.34443694 -15.10209827
-9.18372541 8.48130504
-10.55264961 9.83308586
5.94331718 1.33835958
0.39933158 -0.89224897
4.40200127 13.01135693
15.84008107 -8.09934424
13.28219282 0.83848538
-18.76134529 15.55520284
3.24106134 16.46704034
-18.73850306 -1.56203944
-14.59571933 18.01588705
-15.50601664 -5.18175209
-9.73177558 4.08550849
3.37155870 8.98196757
-2.91557214 -15.32930150
0.77272130 -2.22713745
-0.95693594 9.09407947
17.48695350 6.23850606
7.21590429 8.39442621
2.48740226 -4.93749216
-7.85322362 19.10399741
-9.43176762 16.64035380
16.07631789 4.45177849
14.34211849 -16.59800909
-8.77167073 -16.81045377
2.62501961 -19.91452395
-14.59370079 5.45526045
2.83981862 -3.63258107
18.21999468 3.55444783
16.13106869 4.90965083
6.15947506 16.21384104
-19.15324763 3.16745767
-11.12106835 2.59334068
-12.38720855 -15.68541155
14.20030750 -18.44497681
-2.39408197 8.76040956
2.08520815 -2.84177163
0.14124634 -3.08833435
-16.25865836 -10.85837608
-6.70894422 -16.45051619
-7.22702726 19.28510384
8.22546355 -5.69659750
7.20935363 14.03575956
16.97538449 18.87011668
1.27316904 12.65639077
-10.35272780 16.32268371
-17.98285506 -10.92172682
9.96893233 10.36988680
-14.75039756 -2.06596818
-0.43172605 -13.25750459
-16.22187682 14.85299115
8.36539700 -17.19234833
9.40915972 4.26520974
-3.69012473 4.54977262
-7.62461069 0.69085256
-15.21377920 -13.61349406
-5.48140448 11.06300662
-17.94360279 -15.77513263
-13.71735879 -14.21536795
11.96840235 11.57048161
10.55379584 -4.49881485
2.11768900 3.81943368
5.75856009 2.07182845
-11.35763303 -11.13517361
15.73304880 1.45228020
-0.00906843 2.80650359
0.69093290 9.59380843
10.08170813 19.50034200
-1.99048581 6.85521926
1.71303777 1.81230742
-8.68841148 -6.49074600
18.26725231 -11.41943342
4.93411064 -11.97175385
-0.21705350 3.94843433
-13.98234225 10.42225124
-11.45761294 -18.28314261
-5.00446883 12.63722262
-2.08378513 -16.74744023
-17.31675575 2.55355971
-17.82946963 -6.64796015
-12.92899570 1.72117221
-9.55299476 -11.45806313
-11.05290941 -11.01090436
5.92763042 -9.49245654
-7.79469192 17.12473371
-2.38185653 19.21252574
0.79457480 13.09308897
18.07193314 -15.95404057
-12.24896482 -8.45962434
16.65179363 16.78986502
-5.85154259 7.10204440
15.25803794 3.99066562
6.13131012 13.65075622
13.66894513 15.98344896
11.26828148 6.70276785
-1.14592664 17.65286342
11.95182191 -15.97013522
-15.56700038 7.42899856
-2.46876304 -12.85494198
-11.45576868 18.27379160
6.50922090 -10.26060926
-5.74023682 -16.26516133
16.10516512 -2.51142245
-13.62450402 -0.21757903
14.85080403 17.90016785
18.95214086 17.03432045
13.03870635 8.53210433
9.86884210 -2.87193187
18.16223369 5.84193712
3.29762558 -14.73808586
9.30130211 -18.65001531
5.55808566 12.77164469
-14.80744032 -15.25141674
-14.74557794 -18.49137671
15.49468207 9.15509003
15.67813634 -7.69027338
-15.53061906 1.55055701
-11.36686364 -1.73929470
1.39855684 -2.93244817
2.54181998 -9.66680551
4.61309795 16.21250375
7.24040873 11.08345015
-0.34050033 6.18379752
11.12317527 -18.70139516
-19.04163706 -9.98430665
-7.24889258 10.47726442
4.42275004 7.02705836
-19.84926028 6.20679435
11.16521690 -15.69121743
6.32640147 -7.28112485
-13.40500807 13.24257627
2.06448853 10.29464147
13.10679692 12.98921971
2.91985051 -10.49540998
14.26953969 2.24328939
16.09900397 4.78747093
-4.15633187 12.41398251
-8.03444055 8.15589295
13.86208969 -4.05745594
-9.51547279 0.18404479
-7.67584202 9.92313963
-17.58217841 -19.94068412
-4.60371069 11.28108719
-1.72902387 -16.59514263
-4.88875644 -7.66987626
14.29743748 -6.47102753
1.05782049 -7.08610697
-13.74099714 18.99471134
-16.71684532 -11.84413666
19.50633800 -8.89966824
12.09040684 -9.68181845
-12.93339504 14.70956388
5.78357520 -2.68155030
9.25208832 -5.23070608
-17.00413760 14.10551916
-2.83527110 4.70755389
-13.95568313 5.20381131
19.85011747 -12.49441849
14.44226202 15.06434860
6.95819731 -14.92091645
-5.39265123 -13.98601173
-3.49822434 -15.77388462
2.64645993 -1.33107716
12.63952285 -8.50602422
7.59659346 16.40249755
5.38872454 1.61941609
-15.18681996 15.06367683
-2.34948515 8.77946279
-11.81562178 -12.70637477
2.73713906 -6.87888329
18.45744714 6.26687393
18.83860034 16.75741097
8.08603386 -10.85409143
-7.42448693 12.12271246
-10.32950748 4.35369149
-19.72144355 13.83382206
-13.50477784 3.39004621
-13.85683204 2.29684208
-4.62341830 0.19910606
2.43865469 6.52231887
19.78699872 -4.95582227
15.36980969 5.38995188
-12.75546148 12.51294066
13.96986955 17.92347556
-4.48490046 14.86912322
2.87144779 7.22749070
-17.29669248 17.24767389
-15.55706937 16.10302122
10.11836778 9.56192906
-5.46816350 18.69391656
19.91202702 15.72178423
4.28223300 0.11248790
17.30756729 16.94397457
8.34071675 -0.21217456
-4.78533964 -1.98456876
1.24112537 -7.50773335
-6.02533495 -5.52687081
-4.15641665 -0.99560788
10.73969258 -11.53054553
-0.50487851 3.04555510
-15.50308445 13.65643090
4.62371531 -2.82828906
3.66430940 9.42856242
-1.01885148 7.97142708
-15.44182807 19.15110012
-16.90836569 -1.37899488
-6.38831479 11.94728154
-3.66277893 -0.19588740
-4.81626153 2.27668257
8.68796064 -5.14316432
4.17817059 0.18819033
-8.21936026 10.28125326
15.11868195 -12.77276257
-12.62073481 -1.38611908
18.76500230 -6.84490403
1.65832033 -10.76231038
0.98151541 10.83650779
-11.05986470 -5.21474896
-5.24156334 18.45259897
-2.27375512 3.62437857
15.13167111 1.91138354
-4.24668629 14.19233495
2.85196011 17.34120109
-13.79546644 0.37068416
2.55744570 -6.48682558
3.55498487 6.96215019
-6.09355490 -8.55717907
-12.68279329 3.04451234
9.15510791 -3.34498272
-4.66676035 -12.04538165
17.02444069 -6.29670498
10.86271852 19.54172894
-12.69672098 14.06973839
-19.02125373 -4.32567696
8.50803438 -12.32413743
11.69562343 11.87926156
-13.93482198 -11.38275974
-3.73015306 9.28943693
14.96311114 16.39841484
-17.85607560 14.51754225
-4.52871794 -9.13170082
-2.43910509 10.11729322
-4.70066853 9.64789481
-17.31168004 2.59081538
-18.07536014 0.38602581
-13.54684540 18.13598464
-2.22958263 1.04532792
11.10539974 19.79194768
-15.55783486 -19.21864332
0.83504239 -4.71908167
9.91665404 -5.54174503
-0.11258432 -19.07753828
16.79583859 -5.96342854
-9.80466774 -9.05559305
4.56647315 16.46125646
-1.55990693 9.17785793
3.87433693 -17.36367634
-0.69367756 -7.98735241
16.57753743 -8.07289124
9.73612290 11.57124833
-10.59937059 -17.28484832
-8.22426421 -19.79921595
12.92657485 -12.39318422
-15.11630507 6.36640276
12.81835974 4.51538915
-7.77272009 -14.26693344
-11.25725452 0.48276470
-2.51130323 14.45413861
13.11284510 -15.27696621
-17.28355232 13.77793141
10.60956667 5.58707776
-11.60660172 -0.94298263
-18.40260993 2.27485234
-9.34657254 -3.71470252
-2.19581786 17.31925372
4.69660472 2.22608720
10.97380447 5.17247926
0.24025201 1.25957418
16.06204080 -14.50160378
-1.23698472 13.93767586
17.04488110 19.88171035
6.04283941 8.17818848
-10.67274721 3.73392099
-18.94618149 -17.97891594
-12.60979147 -1.04175474
-10.10912181 18.68715471
-18.53538120 -1.93335795
8.01404779 -3.96054163
4.60803898 -11.07522007
-3.96236394 3.88969684
19.92321911 -3.56026083
-12.71209822 -19.38855429
-17.26443865 -3.41913696
-14.58180429 -10.70587345
-2.76215020 8.11783846
-11.40955703 4.82204266
11.68394640 8.50926015
-15.18392816 10.69919885
4.24291061 -1.57406218
-1.70706269 5.60001304
-16.74722382 -4.24268065
-18.84616085 19.37705575
-15.95927763 7.20458677
4.43489618 -18.69575575
4.83772669 -9.42127490
-7.88763311 17.45834088
14.49847233 -7.04359590
17.91568005 -2.70963246
8.83536073 18.06093283
-1.79348122 -17.79874848
7.39915201 16.92595467
-6.83641752 11.20679272
-6.82895803 -9.77617126
10.97685929 4.11757117
15.06731399 0.40021551
-7.39979010 -17.44528654
-6.73643817 19.96127868
-0.59488317 4.59918863
-8.17111577 -5.98475586
18.41212644 12.82764148
10.85819709 8.81545743
-4.06667142 12.61041269
0.13462845 -19.45473409
-16.44488552 11.88800393
19.88826547 -3.86988109
-5.24982589 -14.14576123
-1.27912540 -3.52116985
1.64478059 -19.00412148
18.32434035 -15.98666901
10.48216452 -9.41571936
-7.03064138 -9.85456300
-11.54283198 -5.19993107
3.08884442 16.61056234
-0.78269214 13.90237222
-7.39713019 -9.65685212
10.95735896 7.87337195
-13.18906060 19.72721379
-5.57986015 -11.44035735
-5.00927018 3.34200451
10.72814972 -3.14759771
-0.49452391 -19.92777367
-14.38145472 -3.77886594
0.28327196 -1.02209653
0.12151403 -10.12824671
17.00133793 -8.33409414
-11.13839956 12.41859563
-6.66482709 -3.34993993
17.18240490 -12.11341284
18.64538306 18.90294571
-16.26595809 -1.86460014
9.55212649 -11.11259576
-9.73925676 18.60352377
-12.69004108 -9.96399473
-10.18798088 4.32414763
13.54243311 8.35598206
-19.08817719 18.28502860
14.52155130 18.09395492
-5.33298461 -13.22556415
18.36018295 -6.38637123
4.26220696 -3.55760268
6.82793309 -18.69459678
-8.38279105 -10.60360963
-6.75313884 5.63375111
14.95310933 -2.40943269
-8.08549454 -12.64536891