500 2
-8.09312810 -5.15454964
8.72034988 6.84549921
7.88871051 -18.53350870
9.55553299 13.78767108
0.93817789 19.33815166
-14.83050914 5.71960549
-7.99571819 -4.59743653
-14.84465732 16.72407397
9.61912275 -6.58623100
19.96866555 0.64399292
-15.41958630 -13.76958528
-0.58989495 4.00387205
19.17571178 6.92218101
8.00764106 9.01303008
-13.75180046 4.63647181
-12.07263336 17.28007870
1.59356785 -11.58619487
17.41520712 -5.49437354
11.18210727 -19.58767881
-9.38306839 14.55199240
13.86255262 -18.62486195
-11.71115701 1.29946292
1.38735089 -3.80502026
1.46122336 -6.41580089
14.51030133 -16.36414178
-17.04057167 4.24823997
13.38543681 -11.73755527
8.50444995 11.66317625
-2.54585172 -15.81038867
-13.34528251 10.46655120
4.58557636 1.88695296
11.64340453 5.73877694
-2.79436813 13.21042383
15.89745992 -16.32826457
-5.97321966 18.71254157
11.31660407 11.05738093
4.04785925 -9.07373835
12.09208486 12.35180107
-15.23109569 16.86752338
10.39109238 -8.29303448
11.88377375 15.15245797
-15.94110328 16.08894675
3.39746890 -15.48703254
-5.37151816 -5.34057036
-19.18074274 6.18269552
-11.43424801 -11.94157868
8.56524924 -9.18231943
5.82355943 -3.59904522
-4.61385301 7.31880307
1.07526122 14.82710862
-11.89090600 -19.10267474
12.34388025 4.93451295
-9.26761254 0.46382039
8.07036488 15.22727289
19.49929133 -17.54908718
4.02203716 11.75805161
-4.05042494 -13.13902483
2.76126689 15.54330594
-18.81299955 14.52635933
-5.87259867 -4.79119534
6.79930204 -1.20590664
-10.29164253 -19.95761746
-4.46381803 9.49445825
14.28956303 -3.22579721
6.11379826 -5.86158552
-10.13753933 13.93179081
-16.41971424 15.35655105
-3.11076477 -17.75785509
-5.06606919 -7.43912289
3.19820737 -10.75030664
-8.25142759 18.31472815
-6.83304771 15.42232597
-14.73610337 9.88145150
16.81051500 15.53238595
10.63787891 11.34189760
-0.58464204 7.12601602
16.05805983 -8.47433486
12.70118729 10.56947611
6.79875400 19.49172711
-13.71324392 -18.10037761
4.17543526 1.69283785
0.42797719 9.64387920
-11.88208741 -1.17963848
13.07053912 3.16386237
18.78390412 -15.16584214
16.63315243 -3.12655384
-0.59469159 15.57383063
-6.97219179 15.89040752
-12.21691859 -16.87842327
17.99832339 6.96336794
-15.80593691 11.32962527
-12.59983176 -10.64438406
-18.51287846 -17.20079248
1.79868901 -12.23672392
-7.08587916 -10.60311017
13.89579118 -10.06625872
10.68790325 -16.47885435
-8.66116479 12.01856755
16.97039110 -17.90790613
-13.03250013 19.82058222
-11.78150200 15.11332647
1.95494425 -17.72378613
5.38233378 12.17850640
-12.08360290 -4.09074875
6.52983803 1.66086027
8.50696453 11.61480156
6.03055931 9.19213654
-9.72741497 -4.01238541
8.82616676 -11.67868358
-14.21197185 -18.38196219
-11.83476242 -2.00771132
6.63112304 -12.10257060
13.53087577 1.78948683
-14.54800116 18.72261826
-13.14920265 -5.09235946
-0.24088576 -17.07717968
-2.76147119 13.24515961
-1.02668524 -19.12963966
1.45239618 18.44468830
-2.60599259 9.92742804
16.85660477 17.86226341
-10.00141388 -6.98933452
0.17647144 -15.51317715
-2.49875047 16.77171361
9.13448419 -5.71405218
13.84288231 4.06257781
-6.73855745 -6.53586495
10.48226606 -6.75257948
-7.83082928 19.18353502
2.83706463 14.22757485
-6.22663237 -15.73293322
-0.05031151 5.04195322
-3.49816595 -7.33381340
2.61332849 -2.48042775
8.43525171 10.89224905
-14.90716178 14.34638154
-11.04881774 -6.12519423
15.47395901 -0.78254511
-6.33716503 -10.81157575
-19.20323669 16.01916250
-2.88623173 -11.89010880
10.54504116 -16.00594074
1.47585778 14.57394600
-18.67825105 17.20092169
-19.89717323 -4.86385140
-1.15263594 14.47378432
-9.55771006 -16.89473545
18.20597010 -18.27666864
-10.23346543 2.60448866
14.80148571 -5.35669378
-8.20715601 11.70049206
-8.34582712 1.27038283
-17.89826336 -8.48555614
15.04205253 3.69072140
19.52263671 -13.57768656
3.97298608 17.55452174
3.38024680 -4.74984755
3.13715496 -7.96477182
0.72472624 11.82986324
16.25976687 12.95921200
16.95170858 16.74201227
-15.40540873 7.01139796
-6.64125905 17.00673169
10.34769533 -10.73311834
-3.73558880 -16.40682363
-14.51992762 14.25005146
-5.37039251 -7.72334883
-1.74526254 -13.26143715
14.45099538 4.85753025
-16.37346308 9.71446744
-11.66127001 3.61280643
-1.93374241 -19.50917196
-3.77369442 -11.97176991
-15.43252226 -2.52851942
-8.33458799 2.78814694
1.09972087 2.87889515
16.28509857 5.85885478
4.52822489 14.92383710
3.93980441 18.01602766
-11.89128414 -3.55992355
3.75340357 -13.60821239
18.61101402 12.01374478
-4.38950775 0.53736402
12.70156798 -7.61781227
-13.07097904 -7.41100637
-18.61475400 -10.53435968
2.08638984 -15.59415515
-2.97451825 4.04318360
2.56231258 12.12878239
11.40825809 -13.97332975
-8.37954818 -9.63155502
-19.75915533 19.66054504
7.42563525 -2.21182968
4.88077629 16.18286777
-8.99671968 -1.75633244
-8.59898431 19.86852188
0.93539466 -5.61793102
-8.85679343 -9.22334128
6.15327639 17.18738933
19.75589752 -0.12085567
-10.08317949 8.62444925
8.37456804 6.34160455
-17.81376850 -3.86988586
16.47488876 -2.43845499
4.16340602 -10.99294223
-13.00251980 4.03008387
9.86044174 14.70748410
0.79050707 6.06501769
-19.93313687 0.06854755
-2.95893300 -9.18818566
15.75598017 16.46467054
1.19182524 2.45359014
7.58918543 -2.90554369
14.60999281 -0.69203689
-16.09627691 7.46249451
16.29881255 -17.52385058
-17.74970481 14.08078529
-3.25167531 -14.90771900
15.77471399 3.46548985
-13.66814082 6.69714530
4.01314231 2.79315874
-15.40195040 8.52665782
-5.44473726 12.15945410
-11.67945209 -16.52353396
-0.45330083 -2.50514392
-6.89720698 -0.04992752
6.53065824 -16.63427290
4.07332634 -18.37090476
18.15046583 18.37036221
19.74948360 -3.11443401
-10.90600905 -5.05137567
16.47394450 -12.83364142
9.01182326 7.25261223
5.15314926 -6.64542872
-14.95628986 12.62136741
-14.57704949 12.63440381
10.30019892 -18.01062945
-16.73775154 -10.39161479
-10.10596881 -6.55594203
18.04840694 9.02446138
15.83182680 7.36856922
-1.19399383 1.37204352
-19.26764083 -15.54882084
11.14002306 -2.53494609
0.22561319 -8.17924623
9.52584599 -9.22128109
-10.79319476 11.25457962
19.14827792 16.38945276
-1.00891189 -8.48587156
-14.87588325 -3.96923718
12.25777794 -8.74193935
-12.09434415 -6.69481691
12.57665945 -4.73178889
3.65256440 9.39528407
-12.46433147 -0.79453133
13.66803120 -11.70824536
14.55946903 12.99258223
-18.23415495 -11.68831677
-15.50855061 0.32799684
8.72269144 -3.92874879
-11.40015850 -14.57909106
0.73024832 7.05817605
4.85217724 -18.92184336
-16.91039547 13.65920701
-1.12748248 7.22073701
-0.19949940 5.41665196
4.41825711 2.90829151
16.47038410 17.26957124
4.28057590 2.53932538
-4.79647195 -17.77004585
-15.23155659 -17.89680348
-0.00457989 -13.94995738
-18.47757663 -6.77037428
-1.03986506 14.92177275
-14.56842159 19.44395148
12.15038117 -6.97326609
-9.62662230 -5.67811519
-1.33507040 3.78012128
-8.48037886 -3.76025994
1.77066430 5.22179163
6.27754112 8.20545827
0.06508160 -17.63923859
-18.76523574 -13.53323816
0.95810483 -17.46525374
17.27682779 -3.96093228
4.50995908 13.84397376
-5.02984474 -8.18825222
-7.76513440 -19.54527708
7.63033671 -16.60723116
-19.51436869 -17.51428380
-17.58486288 11.25656423
17.79278423 13.19725473
3.99983148 11.58838578
13.91336949 -17.04044265
11.59307428 -19.74353862
11.13628834 17.26105427
-6.81167691 -15.46241335
-19.82153497 -3.20852813
-17.49602610 4.71912820
-15.43341820 4.50557744
-12.49406400 -11.19109025
-19.38940667 -16.66265985
-14.42959189 6.38791458
-4.83157102 -18.23404409
10.02385737 3.20739534
12.83061212 10.50624735
12.01541154 -3.87743652
15.07795565 10.85538385
19.21824803 -15.86652960
-6.28763187 -16.01023618
-1.90575783 5.99467690
-11.43065145 13.93897489
5.43666156 -17.80386109
13.33720931 -13.25576283
-9.52024220 12.64118431
-16.30443665 -12.77788127
8.42088480 8.18253414
19.16772805 15.81218867
4.84313726 5.17815771
3.42503823 13.05998186
-19.91192917 15.08795710
7.70975072 0.70910579
17.73675721 -7.60792318
18.96915556 -19.81801223
12.53705238 -18.39752298
-11.36786502 12.97599638
4.86494395 -4.41224153
-19.20433092 16.49416862
6.86800895 -8.36758453
-15.14637093 14.40426088
-3.47994530 -15.17771816
-7.57034223 -15.40869798
-5.68411098 -19.64018469
-9.03554341 6.54322316
-0.44609176 -10.83802634
14.87294979 4.34451581
-15.99791376 -13.73396648
11.28917940 -8.44337357
-6.56960449 -16.98369800
-3.04686251 -8.07536359
19.88195314 -11.16499147
-11.77818535 1.39826866
5.07307452 1.14529362
14.26127366 -9.29877545
-17.42865117 6.63465263
-4.93260462 -7.15005313
17.35504576 -4.45582426
-6.22578460 -2.20653832
-18.87933631 -19.77020162
16.48494441 4.78027746
7.42643994 -18.67874658
4.11528395 9.35290394
-1.14881427 8.88616642
12.08631937 -19.35654747
4.51690382 1.65679931
-7.32878010 -4.40737557
-1.56937380 10.10742951
-15.92646124 -13.61611653
14.59843044 -16.73854001
-2.65911301 7.91453585
1.47709685 15.67565205
-6.80488344 -15.49218433
9.95869185 13.89675705
13.46747969 17.85661809
6.62271423 10.94074371
18.70460335 17.66417392
-17.23312217 -19.83898134
-18.19467469 17.45510996
10.41785278 16.54717402
-15.02174073 13.75504580
-7.87931003 -5.89682762
8.48083188 19.39867740
-18.26683072 -10.10504583
16.12769141 19.89229382
1.61546365 -10.92344457
-6.30598238 -3.55539275
9.76257359 2.23422831
-10.39999401 -15.69606143
-2.90323689 4.83019714
-15.24142826 -14.59348037
-4.38141806 -11.47350303
17.18053403 -1.31448032
11.44963581 1.21881652
9.50840001 0.66998914
3.96630756 12.76647813
-16.55660457 11.94420192
7.12188712 7.37222335
-12.27362888 -17.40938958
-9.44847028 0.71839240
-14.65266541 -7.36423673
17.45212389 -13.65933647
5.02171646 -12.72269311
-14.74607473 18.78634670
-15.57877184 9.06224823
11.13118789 -13.56020888
-12.97337211 -7.42432033
-9.27919890 16.31207059
-9.05536849 -18.08267384
-19.63549320 -2.62215800
-12.35343813 17.99398896
13.81843751 10.10187825
0.27300070 -8.62392624
16.22315157 19.63913338
3.46322112 -5.29880219
1.16656236 -1.41271855
-16.85112641 -3.82752590
-12.41508390 -17.96786864
-14.58823933 15.29975459
-17.35784229 -18.69967489
-19.64771867 -16.64388016
1.60596560 2.82817226
9.14536723 -11.24491212
13.58807500 15.66573871
-5.27551243 9.96660462
-19.53506159 -12.57096297
7.60218527 -19.03206645
-14.03133699 -12.93088733
11.24283808 9.12217488
18.29999851 9.07095418
-17.37441516 1.79623447
-7.98715306 -7.65823165
6.58631907 -3.04001070
-2.92879275 -3.08192825
-1.77443014 -2.58414749
3.96888035 9.31449285
-18.02064079 -16.93584662
5.17372889 13.61368741
8.75050281 16.67359182
8.32789308 1.14441249
4.72518384 -19.17813781
-2.12127092 -9.54583684
7.93514532 -10.03440752
6.58619382 -19.78631401
15.15431698 13.25576505
-19.40339091 18.10699459
-10.07169225 18.62489069
12.38654013 -5.01363138
-16.19559667 -4.86714893
18.43748492 -19.57404035
-11.28035422 -7.48325252
1.57213943 -10.42888661
-15.60704813 16.98735776
17.39357147 -5.70309803
13.69567990 19.05222175
17.38124004 -19.62951705
7.56534664 17.11886962
15.82480921 7.15808538
5.91734875 -7.88056429
15.89406211 16.38151445
-2.65665520 -19.14040196
11.51046106 -16.27510765
18.35171173 5.35502127
-8.79217026 -4.67364046
6.55886617 -16.59900131
19.35792643 3.13573349
12.92756535 -0.36557639
-1.53563683 -13.08965970
-2.07391763 5.09256604
-18.63863906 -0.57782233
18.39039202 -3.16243599
-17.29164533 14.90904908
-2.93401021 5.37548011
0.58254278 14.77059743
-16.30203791 -17.03227067
-3.36502892 -4.08820130
-8.64022862 -3.67952230
9.24185065 12.85865899
-16.30224609 -6.13109153
-12.13764881 13.53200387
-1.05784230 2.78478324
-7.92347439 -13.31507104
4.80206803 1.86565180
17.80146890 -7.66221876
6.06988568 -18.71733073
4.97258363 9.04871525
0.26801964 1.55117878
11.65141703 1.46008110
13.94213278 3.83416263
-8.00903943 -16.40559050
6.88409022 -10.16713246
-11.70932032 -6.01472241
2.57565900 5.47903401
-14.90884201 -18.20076076
-12.26978304 13.23466827
-6.80972125 16.37859523
4.72582408 2.58697849
13.92139980 11.85970152
-1.58613878 -1.37005588
-17.57185543 -17.39408054
-19.21397174 13.69657375
2.52156740 -14.44083470
5.82974456 4.03292378
2.18232544 8.62950238
19.90915762 -9.93337075
14.45890677 3.67393085
12.96818208 -16.92804584
5.35522505 -2.28356215
3.53186673 -2.46459363
-0.07744135 10.26806877
-12.08673237 6.03738671