500 2
-3.56909252 8.69471865
-9.06877702 6.16947679
-7.45533751 -14.22427436
-9.47268743 -4.67274758
17.08847813 0.62737553
-13.72400887 -18.54938430
-11.72016502 -19.07928047
1.90900449 -13.23091357
-19.14851557 -17.39411223
7.59766390 2.09178066
-8.99123761 -2.07217261
-19.93602018 6.51214300
-12.85515794 -2.42473953
-8.95753520 15.50212127
-4.05292706 -2.58097142
9.24877660 18.84059946
6.47961063 3.26425944
-0.50314934 -19.72335878
8.36773491 -9.48493590
5.99281922 -7.65071414
17.20407835 15.84332010
-18.20155895 6.08546063
17.01678673 10.17691083
-9.84085157 1.23158275
-10.92420613 6.89724322
-8.72636434 19.19057145
19.81720740 -2.50019096
-14.25267829 4.27778211
-9.35404593 11.81306744
14.02609059 -15.74487651
-3.44336485 -10.61480726
-18.58358482 17.20264111
18.78381731 -1.91642312
3.77836935 -9.21894063
2.99008304 14.45622474
-7.35062769 -10.93127081
1.74435675 12.25639881
2.36812867 -5.42320777
15.92537984 12.33993815
0.76948385 -1.40590576
4.32455320 -7.09318793
2.67829027 14.02074309
-8.09271914 -11.25151499
-5.83025711 4.76561903
10.39890654 -10.33696092
-0.42333841 -17.10989522
4.73339501 1.70183449
-2.49096593 -13.35156063
-19.05660480 -1.79023506
-4.80140296 13.21181268
15.47044532 3.00245792
18.43099933 5.94561449
2.21407008 12.27424491
-13.08478242 3.56679739
-11.24350733 -14.51814489
-17.57022292 2.88987889
9.35080516 -9.07557426
-10.24577993 10.81446427
-6.61288511 5.42337939
-6.51272204 11.84514491
19.13103821 -0.40424455
7.39430673 -6.41303190
-1.06558375 -18.25479892
0.61688102 18.34170604
15.61678601 19.46571011
2.15009908 -18.82902439
4.33473197 -13.47698901
-15.89857240 -14.72695255
-7.74383297 -13.48351367
-10.37801226 -1.62994658
6.31378559 -4.76482860
16.00908023 10.17101940
17.18868977 16.26477748
-11.70217804 13.84198858
-11.46817085 -3.79516501
-18.77086194 15.08185009
-14.38287368 19.43999433
11.86236886 14.08165838
15.46071603 -19.48967374
-0.81689938 17.43971575
-12.96465629 -8.59231970
-9.98830650 -19.42560627
3.91817160 13.70136001
-9.30905927 9.59068807
-1.68074547 0.14064661
-17.67421269 3.00487933
16.25181902 5.31640243
2.21945906 -2.49424837
18.95036114 14.78593581
11.20481098 -3.85684199
19.15644644 1.34459640
16.92282237 17.02651526
9.41796747 -3.47178956
-4.69125517 -4.29632295
-4.87792203 12.05393275
-10.67652997 -2.47602027
-17.49657836 -6.99948524
-16.45026985 -7.76630338
-5.45078909 2.02975524
5.35337293 3.99950469
0.97296140 -11.36669288
17.75543979 -12.12629334
11.54402409 11.78016973
6.77797945 -12.49112912
-12.67096057 19.68413360
-11.62389261 -5.16574245
4.36893577 6.52307869
17.33641039 -13.12494097
-16.00469487 -2.45673691
11.44993161 18.43463394
7.17222576 -19.42838028
18.49906587 -11.23827827
-2.76546309 -18.07428403
-14.55688274 -12.84405118
0.10355088 8.53379158
9.59542188 17.97792699
-13.35002116 19.58026425
-8.06072986 -1.20585243
14.17715249 9.77930077
6.72624893 -2.43214299
-8.87875443 8.57277032
8.83073360 -2.95150233
18.51408066 13.56364570
-1.99552954 -14.40173788
-11.19396738 -19.95643914
-14.78211415 -10.78237718
6.50385440 3.91939801
-13.46785221 19.72882270
-11.16486071 -2.90350235
-18.25141604 -14.63454663
13.69767857 5.18879638
-0.29266092 -18.75096356
0.49315870 11.65822772
12.39846026 19.48532795
17.72288344 -9.82375225
3.74398375 3.89494354
-3.56740170 6.90765622
-17.51039014 13.52495255
-8.47918212 19.90554448
-6.55813794 12.17097175
17.33751978 -4.76965152
-13.14067179 -13.79918837
-13.34810854 4.72856351
-9.46476210 -19.55036614
-2.78336880 19.62956197
-9.85286552 -2.51859733
-11.27540305 -5.05242275
9.52370495 8.52881446
-14.37117297 1.64816241
18.73608996 -17.18671848
-18.96817289 -0.78570857
1.56822282 -16.69490357
8.46614384 -17.92726271
-17.51252011 -10.67945002
1.49016414 1.87232176
-7.05581613 0.61567210
-15.23803502 2.30069862
-15.09005569 -2.16864903
-7.34440799 17.90787753
-12.64887440 -16.58091422
-5.28408022 6.29511165
10.76433007 -15.84939342
17.22682576 3.96343271
11.25587844 -8.52193419
6.93982002 -7.09845985
-16.27874278 -17.58295084
18.41411934 -18.81924486
3.89114458 0.56545341
-2.19085242 -0.65375144
18.85333084 1.22940964
3.89563542 6.66663281
4.22281827 11.63012482
3.44339258 15.02817707
-9.52262494 -16.81495593
15.78287453 1.08848005
16.88942309 -15.22344701
-7.65208834 13.48079271
-1.47985609 3.34681677
7.46063042 -12.38043372
-18.21619719 -8.57403996
-4.44859276 0.67280863
-13.07583027 -15.39957372
13.41790636 -17.86292591
-19.34945625 10.49524892
-6.31321520 -10.37772188
14.34998058 0.22901818
-11.90263858 13.71652905
7.56971118 0.11518387
-7.20322100 -19.80498337
16.19083864 -1.20830946
5.37709504 -11.14970575
-11.97731589 -4.87835836
9.86519077 -12.39433516
-3.36574212 10.22900836
-17.01177093 -18.43556616
15.34342868 18.76245521
6.56809185 -13.45412361
10.24476207 19.30560872
7.36339555 -16.04045040
17.45949628 -5.19458859
-2.55891456 11.51126596
-15.91425724 14.21539998
-5.19279433 9.17485617
18.62046666 -6.66132303
-2.68204885 7.75844726
-17.13127993 -3.80153533
16.44631013 -3.09065870
17.47684350 -0.51241330
0.26844312 12.14305081
-9.04902366 6.94023355
-1.24701395 -8.21669576
-3.71058219 -16.73652548
-16.79466409 3.31070834
18.74371105 -5.06743585
-3.04436943 -9.42954081
-10.32781104 -4.05753074
9.29624486 -8.92010088
-11.15094835 9.04425532
14.37375587 15.59585014
5.93621454 -9.55506642
-3.21907052 7.02158718
-13.52693189 -5.01043290
2.85177280 18.60204282
13.88837970 16.27914414
0.17186055 -2.88560481
-16.01238129 -7.91218163
8.77354244 15.80740510
0.00333855 9.16423324
15.23086227 3.55051136
18.94684391 -16.65030062
-12.95913411 -19.51671724
17.18973168 17.43035644
-17.61396808 -15.34858540
14.96617683 5.85474981
-8.69921262 12.71721189
10.65152425 -12.14090352
-2.51287683 13.47790343
8.68056458 7.15396541
-4.41018121 17.94844137
-19.84017469 10.22748678
-19.56266681 0.25003293
1.68095735 18.94828099
15.16335367 -2.01491638
-12.86909281 17.95833342
-9.48905658 3.92922977
0.02323296 1.41700726
-12.67260768 10.29807962
-5.98130807 16.79488616
-18.52900964 5.82600978
-1.27325022 -16.36176953
8.42641921 6.52387253
5.37849891 -16.87568097
13.35888723 -10.81626016
-17.73716497 15.52940159
4.33858487 4.98846926
4.73007515 16.50367980
-7.14918596 14.56167540
-15.21831147 -12.51150018
15.47307130 -0.74172999
5.60371624 17.13067111
-6.04378178 19.22538846
-1.09508074 -4.82225207
-2.18432013 8.26640937
-18.09258356 -9.64913934
-4.66326752 -11.73344459
-1.63657034 -3.19925880
-19.33755237 14.21464627
-7.04495819 -15.87897104
8.79527020 3.91417417
-1.58704276 -0.66008323
0.84646952 10.86726852
-4.73305383 14.20309351
-4.21781733 0.91909174
15.02803091 -1.81568587
19.44735490 16.30313825
-16.04413246 -0.43167399
19.85075826 -13.86986127
2.26954479 16.19372015
0.45953832 0.73374866
-3.17828486 -17.00563118
-16.56665825 2.49425521
-12.34396909 -18.22224614
-16.19132923 -11.79328627
15.88606217 13.88274110
2.32108796 -9.93803033
14.14865310 -4.00288587
11.94413984 -10.18427171
18.05309543 -12.76186277
13.30127057 2.38513884
6.36479825 -15.41446894
13.59352229 -15.97458252
-4.16186536 -3.04215911
-4.46173144 -3.74245290
14.77070596 6.46987647
-19.40798746 18.54227320
3.81815963 7.92919536
19.86790548 -1.34855171
15.60423781 -19.58248943
-4.50338747 -11.55645677
-19.85588171 6.56438096
-14.93395916 -10.23024057
18.72160004 -19.58331676
-9.93016551 6.13010292
-6.44586641 -15.16391363
18.23699692 15.59394973
-7.42155035 -12.55145139
2.04765703 -0.37509770
-17.28386364 -10.75851459
-1.11403038 4.09056725
19.71033814 11.88685966
13.70131904 3.96706458
15.76471325 -8.32756291
18.06453598 18.20805838
5.30067369 14.13442865
2.81951438 12.27130287
-12.19379848 10.91822803
10.63336823 19.61052314
6.70524384 -1.24691793
-7.52397238 4.12185882
-14.51231762 18.06328588
17.79905681 -15.61619008
-15.52772042 -13.41014866
-8.88966501 -18.41403117
-0.74614947 8.48151305
6.86898259 12.53180494
9.25854998 -17.40743379
-15.39279469 -8.56180373
-1.48553468 -12.62307259
-1.47541609 18.97652481
-14.68100714 -16.12675192
-10.88259675 4.82086449
-17.60928034 11.63081889
8.51564916 -3.90965865
-5.35328681 15.16075795
17.78312198 -7.74947124
14.31882542 -14.22208204
18.79700453 -8.77397646
-4.07822230 -16.13305351
19.64518189 2.06081045
5.42978803 -2.80631792
-0.79084690 -16.11539501
-4.04465078 14.34645383
-12.22022274 6.56627726
3.01509449 -7.64281815
-14.48967633 -10.05110307
-4.31795322 -2.19514728
3.27705022 11.64485301
-7.35623938 11.36227655
14.34631789 0.70924743
-7.74221921 -0.04827907
19.54655009 11.05882342
15.52865986 6.38667135
-19.62999854 -15.29555267
-12.96454171 -16.80774233
-7.04288265 0.36356564
6.31332107 4.91318211
-8.98426163 15.37685928
-6.30563595 -6.51432680
-4.80707197 -5.50502066
13.45701907 16.72176783
9.91022153 -17.44678637
-19.47212294 14.50918815
18.28524272 -17.65692992
-2.82642363 -14.87725411
16.04930763 -4.69349901
11.73995660 10.00628245
-11.63778631 2.74181294
-15.25539412 -14.75848962
-6.25760369 -5.82784604
-5.63247463 17.55440014
-5.66390587 8.66031823
-6.78254062 -12.73231104
-6.59713104 14.09567061
0.77564067 5.06956283
17.70854740 2.06254857
-3.24104289 -15.81325830
12.19350583 0.90428437
-1.95405818 -10.08440426
-10.46036707 10.31703783
-7.77464055 -10.66071397
-3.58407760 -8.19519853
18.68792505 -6.98295486
13.34267849 2.02661306
-9.24314425 -10.33017969
-8.81524768 -6.30319548
-0.42432882 -5.24875288
8.55139881 -12.26508901
8.92978224 -0.30292942
10.49916728 -10.13954974
-11.17524673 14.07823358
-5.38846450 -7.85446755
-10.87103747 18.94277581
-2.21643876 17.28947246
-3.42561641 -19.25896675
8.79965942 -9.24200816
15.41507838 -8.05409267
19.66736475 -17.52783713
7.33580516 17.88771971
-17.92076758 -17.59548732
-0.67845743 19.40099721
8.07341702 13.89895222
-15.83187350 -0.55722959
6.24386583 -6.66845390
2.09385282 -9.05343941
16.38625955 -14.89815491
-0.41054973 -17.00897932
-13.50767322 6.83237063
-11.41671369 -9.48928152
10.96172163 7.29248778
5.07301290 1.76609568
10.30945016 12.27622485
19.73880905 -5.27636923
-2.69439163 -2.94424038
14.30847552 -2.14485922
-6.37592586 -12.45507670
3.09657825 -19.39330616
-18.09470671 16.23409189
15.58597401 14.88567335
-0.33064935 -4.82485545
-5.33254173 17.87798516
4.24614727 17.47120318
-7.23695169 -16.88283039
-15.81863684 11.69120041
15.05779792 -2.71751967
8.79252925 8.60378996
17.96873046 -12.05963139
15.81216664 1.78607177
-19.70905970 18.23574504
11.80895234 6.52591819
-14.06871211 6.59262017
-9.66044859 -6.00481024
-5.97941785 10.51276935
15.64737062 8.76793849
-19.09650981 -9.29912145
-7.94854050 -14.28504953
15.86817171 -7.40182938
-2.72751776 -16.89825548
-4.79021868 10.97415069
17.05864994 -10.41151258
6.55742889 -11.00759442
8.47507105 5.07391054
-12.42329160 -9.50430443
4.81012151 -15.79741171
-8.98978531 19.27013443
17.16702409 3.15758508
6.82863483 13.75372209
-10.85324877 12.87250340
14.48649692 -15.91022130
-3.08644869 13.58543140
-15.47866390 -10.48791229
-6.94449017 12.24353609
-18.15206483 18.77170253
-13.21328918 -12.59015788
-14.50871712 4.28307355
-4.23013436 17.96227565
-15.13978567 7.66692451
15.66858993 -8.16599654
-3.91120589 -8.81786126
-0.69818320 4.23736506
-15.55388743 0.31861890
14.77379786 13.21514196
-5.35842241 13.95536432
-15.89637814 -15.29406503
-11.42232690 -15.38314225
-18.88527624 -3.59875463
2.19043119 11.85935632
13.66074377 0.03446078
11.58156220 7.54158005
15.32989000 -4.39939301
1.66255325 5.49789360
15.79509443 -0.58300961
14.60246975 -5.15366855
10.17931910 14.06310935
-19.99003725 12.19967923
-2.92812760 -16.02234376
16.28334441 -16.27062063
3.19151391 -14.74756519
17.14749806 11.85473040
-7.61349534 -2.51046308
-15.90032457 -10.07750644
-0.01297025 -17.67083219
14.95930885 -9.16093376
15.44479111 -19.75651355
-8.42839934 -2.59739392
6.66980826 18.16335717
17.92056503 -19.65530445
5.76941113 -8.67324826
-10.88979536 2.93962359
-4.38658372 3.18484766
-16.68391346 14.33128036
6.06699308 -18.39030169
-15.86380131 -16.63670737
-5.72475996 -14.22413912
7.42862470 -19.70878206
8.15689852 12.19141833
-12.43562376 -7.13967775
18.98462460 -5.81415261
-15.62345455 -8.42765124
6.49592908 -17.18316839
-4.96346681 -10.19122081