500 2
19.52263837 17.00573069
0.49243355 -17.89512048
-2.77240292 11.11918465
-5.35656525 3.78572954
-13.04718924 -3.80202472
2.52502550 18.47430278
-1.61021031 7.78090003
-4.75123373 -4.53933848
0.23081037 -14.74408935
-18.07274358 -7.99836281
5.13036356 14.96057341
9.87650612 -5.31831223
0.17803230 -16.80971147
-19.02057014 -18.64606271
13.05552307 -18.85947129
4.83817112 -13.39093717
-17.97981430 0.43148178
-6.86584243 -17.96680700
8.36584842 13.64042943
2.51052984 -17.43442187
-16.03981479 -0.43964441
-19.14320331 -18.81446198
1.44382356 -18.62613923
-13.80184666 -10.12344876
17.65625113 14.44329813
13.54778469 6.73669138
10.99280447 12.46908291
-9.88861752 -0.57246064
-19.90763003 9.53625951
-3.51503302 -13.54530459
17.59736610 5.59215527
-12.05256485 19.87353797
5.68486952 -9.86650058
17.54816068 19.75742575
-0.33198722 -16.86067427
-17.67924591 16.31464792
6.33179901 -3.56348221
12.15533814 6.94202690
-12.66903052 -19.15563723
-2.47628785 11.24605409
7.46866061 -2.06142584
16.52880286 -4.32142750
-10.24735476 -9.04018947
-0.91689732 19.65525579
-17.29206870 18.52107373
8.65359629 -6.72359909
14.23489038 14.97768386
-15.77798696 14.65791828
16.76364203 19.74030291
17.71588949 13.53282085
7.35450876 1.67603404
-3.70682296 12.62597974
14.75366379 14.91398828
2.81431747 -4.97517405
-6.20837812 15.84930795
-19.61653935 -1.87465142
-15.64587886 -9.60418982
-14.63478091 -6.18450736
-13.65843204 -16.64524257
19.95543471 -0.55461543
15.73841445 1.41115715
-7.76898513 -12.98198249
11.83009651 17.70049405
6.87101731 14.24040599
-12.50068302 14.68455663
8.11042685 18.46346147
1.98102033 13.28833281
-13.94717278 15.02658864
-9.12325625 6.46150787
19.60223032 -16.25796101
3.27976908 -18.43386271
9.72873100 2.80110996
12.68303749 -5.36675842
-19.97659403 -3.81116787
-6.23208927 -10.64069255
-14.91667995 10.88703954
-8.86974894 11.70001329
-10.87383087 -4.63209228
5.40071933 -15.53604918
-17.38240479 -19.82386988
-11.05394850 -11.86621325
15.44614323 -13.48752495
8.18728039 -8.23666009
-14.28439644 15.53225243
17.92408200 4.05782468
-10.43137586 -4.40289842
-15.07819042 12.85389385
13.74151129 8.54310082
-7.33966732 -4.24588075
3.53289595 -10.70709792
18.64819522 4.64361480
6.40316863 1.17623117
-2.26784977 -13.70630274
-16.99616193 -13.91102389
5.52617554 16.27527372
1.59280004 -8.61050703
-4.47646777 -12.01579762
3.34325916 -1.37514052
-19.18348480 -5.92018087
7.64105673 -19.29804475
-19.77119094 -4.81308763
-6.86432194 16.87125411
4.96146760 -17.90049144
-7.18021803 2.47803270
6.99382752 -13.42103419
-15.93349747 18.81078026
-9.67238737 -18.59908131
2.51340629 -9.39399193
18.73902077 -9.75755683
0.11366969 2.91412054
3.79731525 -2.39033067
-7.73330288 16.52514337
2.77115188 15.70144618
-0.46016692 18.86966918
-14.45644818 -1.08736887
4.33883477 -5.28897064
-0.08170250 -12.87052219
13.31175001 13.91328487
-7.28860737 -18.57254540
18.36801352 -19.24501935
11.81202290 17.63868007
19.83159376 -16.87667399
5.00894385 -14.46246238
-16.81998418 -9.31114347
-16.21962671 12.55286955
-0.71275010 12.67650732
-19.84487034 8.98516291
6.38045341 17.09276769
14.77336612 9.92998920
4.80754951 8.19808654
15.34583717 -0.95202545
13.02151487 -4.23516853
-13.50832641 3.74788447
-14.01301221 -9.64349254
11.59703524 8.72377573
15.37130393 15.34129435
18.36599562 -18.74344188
8.35782920 -9.93794559
-6.12485621 15.70410806
-17.21248004 -6.28087550
-5.70634104 -2.81689883
-15.50671440 -0.24946319
-18.48965651 -0.03757447
-11.56562206 0.35421887
4.20309878 11.27045076
0.15449060 8.13928836
-7.15484219 -10.66685635
16.83589375 16.74663361
0.14069620 -4.17852413
-12.73487383 -9.31271306
0.87243653 -13.80893233
11.67450162 1.66636175
7.03642132 8.63932915
-10.81300283 -14.29307726
-17.71097399 -11.90449487
-11.58414852 -7.26263995
-5.98417321 3.39606347
-13.04270547 10.40259989
-11.59412979 -0.28826177
5.86266296 -3.41273671
8.58800159 -7.95474071
-16.56831153 -10.17359667
11.24882936 -2.57856055
5.69724466 10.10791433
-17.18078654 10.73615849
17.47013326 -10.15655561
-16.45955793 -12.84273598
14.86290321 -4.58027386
14.38487837 10.07066366
12.53693208 8.43389909
-5.12225437 18.72174111
3.40868286 10.92083869
-4.23292357 -17.60420965
-18.28903583 17.37740876
-10.27314122 0.56932164
16.69895019 -4.53741530
7.21636046 13.10264236
-12.17586570 4.80256771
-10.22612355 11.29311153
-9.21095750 18.43282234
15.05612880 -17.95681034
16.31033337 10.24903930
2.79387073 -11.42992046
1.77203563 -15.24301815
-6.92482353 9.19978439
2.88733514 -18.33990362
10.65666194 17.21387923
-1.94002811 -18.06342404
16.93784347 8.49576692
1.39180426 4.24428182
10.20887163 -10.95485565
-13.72735913 -14.21370026
-7.11769923 6.83844171
0.84886308 2.96497117
3.19587199 18.51394326
-12.69297391 16.67787493
-12.06373818 10.55132445
-8.67651508 -19.11740931
7.25891393 11.82515647
-12.92211339 -6.13699862
-16.26241388 -6.81944215
-16.39486735 -11.31395559
1.11812654 -17.46271446
-0.12378820 -4.56536800
-13.14786252 -9.65598396
-18.02742178 19.58057197
-13.93504059 -19.25017002
-16.82306961 -2.63340445
8.89038101 11.83414390
7.14487662 7.21199963
7.15842532 15.06465368
7.15592581 -16.66411855
-6.58570577 -6.80638801
-14.18518117 -7.67871028
8.72479544 -11.37382369
-7.71598489 -18.14328276
-14.73528260 -6.79534009
4.42149452 13.65973681
-16.80038731 18.19638066
-16.39503321 -0.99098137
3.70611191 -1.09477699
8.46887338 16.84914061
-13.14791869 15.15516434
19.45772837 2.75200856
14.29808817 -16.53655713
13.73304975 5.53652727
0.62452802 5.08544388
0.17842521 -14.82058034
9.68202957 11.82775693
7.07526232 3.90222512
-18.88812835 -18.38025318
-2.85865537 -19.62060397
-6.26053588 -2.35766120
11.26449712 -16.29142366
19.95085878 -7.27109873
-15.12125193 -7.71236165
-15.57764412 14.27294597
-17.17684199 8.79753388
-4.57577553 19.50527436
5.28806281 7.18159509
19.30928199 9.73598341
-17.97811613 12.03023621
-7.19454400 -17.09858418
-14.15748483 -4.73143977
-11.29588139 -11.78397162
-17.34459961 -13.96476317
13.20484759 -16.21075105
11.97378066 17.24112108
13.88369378 15.36107079
16.66936938 17.68268558
1.27542955 -17.93959912
14.56195346 8.05789595
16.92010139 1.62441846
10.80409383 18.11576184
11.34875212 -9.26778302
18.88607736 -2.75941357
12.32812316 12.95102502
-15.63999782 7.63260599
12.36328219 -0.58258859
-7.24672184 6.31584863
3.52133430 -0.95651435
12.46481508 17.41883778
4.37054022 -4.58680439
-4.33858933 -12.60051610
19.35885103 19.99868026
11.68823784 3.82077252
-8.20777802 -13.04644036
16.78576529 19.02282710
9.07574793 8.16316106
-4.38848709 -18.80709768
-8.37440128 -14.49164619
1.65281319 -6.96410664
9.35330723 -13.94541654
-7.49653505 1.84522582
-18.59504720 6.84902971
-13.97332247 18.04345842
-7.19876938 -0.40738130
9.10374505 18.03791598
12.70606516 9.29900424
-11.07002955 -5.26972672
12.00085037 -5.99751481
18.14789247 3.12870139
9.70150140 12.30333336
11.78914628 3.24247733
-4.13649456 -11.33193533
-12.83479290 -13.24473369
-18.20222244 8.08221499
-14.68103901 -11.34008004
19.18365329 -4.64237480
2.61934722 -19.90744966
-9.76311811 13.01653800
12.95686486 14.96004859
-7.66681360 8.78417063
-14.01963445 3.51822495
-3.75347401 -17.85933460
2.64143686 6.96915591
6.10108165 -3.27454351
2.81184100 6.85312436
12.95452088 15.70995338
-7.23844213 9.19006658
12.94906869 -9.69156121
16.40060953 13.51339568
3.65722135 -16.68275434
-5.11832388 -5.40065247
-6.83287532 19.44972382
-15.70684907 0.24976436
-6.00053236 16.99305701
-18.47469703 5.44595746
13.36728653 -8.95438259
6.93742541 15.41669034
15.26435138 -8.17089389
-1.20521523 -12.81076927
10.74713371 -1.54934904
3.20556000 2.29242682
-11.32982836 -12.55659953
9.61344455 -2.96380818
4.95502099 -5.11888572
15.22652978 -3.50604078
7.12511978 -13.06367690
12.11608575 -0.17101813
18.35156403 -0.12986137
-14.86877632 10.73128883
-9.02198533 -19.92835913
-11.27867206 10.55599025
17.20191259 -10.05120287
-9.39476649 2.13047970
12.40610808 -16.77820988
-4.00946579 0.50628856
-9.22056250 -0.41367129
2.57379341 12.16774471
-0.37276608 -18.66509061
-18.38352911 -0.44605106
-2.06894514 -2.45115150
-5.10792983 -18.62496571
-5.92719079 -12.33762092
-13.71036497 17.88623975
-19.20381276 -10.73708907
5.70509362 -18.72275501
14.15328633 19.86276467
-11.74501026 -19.53942876
11.83632292 -19.31954506
13.59244715 0.56515073
16.70139891 -11.76991468
-12.48814889 -10.39612212
13.43781023 1.38912055
-8.64567572 10.24521330
2.41460008 -10.12320120
-14.85436901 -18.03388170
-7.84060314 -15.29519075
-19.41030375 3.78111090
-3.10717921 16.00157280
6.88294638 -6.98366276
-12.51468724 -16.98334201
16.20173720 -7.82865113
-9.77235055 -10.29213705
18.84798221 5.38185220
11.07448565 -11.54808035
5.26711187 18.51358796
3.94537321 11.99443421
4.97601535 12.71371927
-17.54491485 -14.97232681
-18.42105298 2.79295587
0.53382580 -17.66585059
-0.12654117 19.98069799
2.92097475 -19.27044335
6.40528392 4.53551962
-10.96045073 -6.30355598
-12.28149198 -4.80754646
-4.97398069 -17.30969627
-6.55413004 -16.88703058
-6.05679275 -11.01906940
-4.95269882 18.32149274
-15.30735482 10.58458589
-17.93910810 -19.17135486
13.88436074 2.32407612
9.85568522 9.70755419
3.20422729 -5.92367100
-3.21504913 1.99505493
3.78872207 -9.75599537
-12.77212186 6.73572221
11.81316730 14.97636550
-18.76236188 -6.99161851
12.96715161 -1.78448811
12.95248179 19.69322339
-3.16458436 -9.86234505
-12.57263937 7.47694501
13.84123788 -12.55674537
-6.79850527 2.74237591
-5.94402060 -14.81867199
-19.91474196 -2.23099639
-19.20808547 -15.60143319
19.52034563 13.18656426
6.50388230 8.92340614
10.80654294 -8.86194480
7.75864528 -11.02668492
-15.12988900 -0.17292054
-9.58299770 -2.69290164
-1.93417040 -12.04214611
3.19337664 11.07699109
2.47037247 7.55854182
14.54275937 -18.42694565
18.98730133 17.93346466
3.62097754 -7.98793468
10.98878168 0.81312051
-6.02655479 3.59453107
17.07659872 -15.63248455
-11.74263276 11.88563490
-8.34318287 -15.54816184
-15.22488280 -7.56137867
14.76912695 12.54544864
12.98373789 7.79661093
5.86894056 6.06071223
2.99987356 19.91484413
-7.68996007 -14.34533782
-11.98123315 5.69333657
16.93987198 16.13147603
-4.70071665 -3.05324872
-16.71346800 13.57851420
9.48422900 -15.57096282
16.85822895 18.70472094
2.03750111 12.92647726
-16.27454488 5.68636964
11.87468106 19.18838014
-9.22065398 -3.95086403
-2.48367091 12.87447807
9.70228192 5.83752897
18.56408170 -15.96180196
-0.36213982 18.18931370
-11.53795333 -11.05213192
-0.32843149 9.37118574
-12.50638735 16.96297102
1.74176565 5.27996312
9.34849068 5.49357784
17.77337469 -13.82190262
0.57258672 13.35405207
7.00425752 -1.11829122
10.83354377 -1.00049499
-4.97829058 8.22662408
5.17678332 10.51611374
15.75035472 6.42812299
-4.64732643 7.48244817
2.87533808 -7.55876944
-9.03235440 1.95626665
5.05735470 -18.75723866
-13.04433678 -19.46127764
18.55378796 -12.64108441
17.10110656 4.02057394
-12.14049217 19.93130412
-13.13172344 -16.09375530
8.79173632 5.09023907
-8.51869129 2.04551974
-15.20694827 -17.75895778
-6.51170401 -13.94955180
-1.63493309 -2.66623256
-15.11802982 -11.26050401
13.99073639 16.29735064
7.68184902 16.81764867
-7.53255516 -15.63378414
5.39440632 4.25530066
2.83945937 16.15432335
-18.02468689 -2.21138022
-16.71262338 -18.16469455
5.65671536 1.36484216
7.49095146 8.81705406
-9.29953119 10.10480523
-6.42594412 -7.29452370
-6.45317903 -12.97186714
15.59969538 11.39123899
-11.01147743 7.28206895
-7.44281875 -5.86984105
-4.76097206 -9.60097042
2.28506105 13.32745405
-15.63557124 -7.68033068
12.25969401 -12.54135265
-18.95247357 14.24016601
2.32696759 4.64472311
18.50463427 13.54767314
2.43956276 -4.77118531
-18.87645577 -2.76300259
12.54660136 -1.88843024
-14.54563238 -11.40261381
9.23212388 -2.70287062
17.21746083 -5.31399154
-11.15481326 -7.98071178
-13.93976019 -12.79695910
-8.45381367 4.14002570
-16.12834686 0.85817108
9.77506060 -3.91475798
-5.68390679 9.96206586
-8.33874672 12.42836637
8.22795655 5.20959671
5.22380729 14.76627842
8.86603252 12.50776627
-5.80188316 13.57786766
1.36801888 -14.92041681
-9.25519118 5.83707935
-16.84650843 -5.71120576
19.32373813 -10.15989673
19.48177389 4.60482125
-3.06737349 -7.39014396