500 2
0.12053014 -3.03040286
-18.69604220 -13.26795476
-10.93153598 -12.19108508
10.03195051 11.01634516
-10.81530867 -15.35959001
-2.93889962 -18.37634710
7.57251641 -1.41031268
-5.35684083 8.21490064
-9.27163343 -17.85361114
-5.13277251 -12.82685952
2.02338790 -17.94532486
11.20752884 -1.99169846
-4.26711385 5.50021344
-15.08818774 -4.77613497
17.27051958 -1.41879777
5.04892652 -0.66929087
-14.77969081 -7.60864304
17.32777134 17.48083757
-6.68527931 -7.48152662
-2.57437832 4.22824637
16.42175645 15.93854929
1.91504025 -2.13763837
-18.64408515 3.44372175
-6.99751237 -5.85446069
4.95444693 -11.68884149
-16.06181202 19.60082600
-13.49131128 17.03595699
-11.55069233 -1.30658759
-16.48266841 -10.47054567
-1.54426733 3.98313418
12.73262857 -15.62188351
19.86375868 3.42170149
-12.44132859 13.99215782
18.34515924 -0.28883351
-14.31831858 -5.96325004
9.93678187 -17.36675138
11.29703083 -4.76575759
16.55473588 -13.88214779
-3.24295334 -8.09645951
1.81365787 -0.00030177
0.75503411 19.62473268
-12.05866879 -17.33148724
-5.52501606 -18.56221236
-1.09328532 18.12909153
7.40234205 -5.53211482
18.35495467 -14.70512996
19.18980467 -17.66082565
18.12983063 -16.92814089
19.36431070 -17.09715532
-9.32049588 0.20431859
3.40798396 -3.74785898
-14.18482036 10.66335069
17.26139096 -16.26782435
-7.47719401 -16.81635776
-1.67643492 -1.69892330
2.15772278 14.94560684
16.27411174 -18.25515837
12.07023449 11.31391794
-15.28805221 18.05529885
17.12398150 17.38506214
19.78531290 18.08548770
15.91698474 19.65053926
7.66503096 -18.65354635
14.16428128 -16.45911913
18.90894585 4.02206517
7.27634294 -11.16561404
-7.24715609 -1.76902918
13.59807660 7.50859549
-17.05404799 -8.30299231
-10.69287124 -2.59745519
-13.90660909 -13.27072206
-16.30387173 17.01635657
8.85123052 18.17415968
16.96249315 -3.44098368
3.22302630 12.88083063
1.60148069 13.88294643
-4.01273367 -7.15035309
-11.23150173 15.32165328
-15.69289548 -10.17128224
1.27531353 8.00283152
-18.33497786 -13.61239171
5.07046155 -4.98690212
12.76541763 11.67412210
-1.61403221 -17.12806474
-11.60783045 9.20659128
-5.05907664 1.37644870
13.43990797 -15.58531064
-9.80534648 -15.29305608
11.95930686 9.38547558
-14.73659265 2.97365465
5.40097568 -11.32983994
-10.51634210 6.24294931
15.19120203 -1.13204249
-1.50837718 2.55468247
0.98577516 -5.40374027
16.75982644 0.21060247
-1.84780173 7.61204696
16.69457378 -6.35470601
-8.34518836 0.94042362
-15.37532061 5.80361638
-13.49840371 15.19685657
13.15483642 -14.77879645
-2.60519274 19.53044887
8.56895665 18.46669849
14.24814147 -17.27661980
15.21089185 0.10393611
-11.85315944 13.15944771
17.27571456 10.12245992
-7.72132465 -2.86204989
19.48510850 18.93953118
11.47553497 9.45916837
-19.72931487 -17.21552088
15.75413944 -9.83850657
16.58719201 -2.14761443
2.92200565 7.73749649
13.46127120 -7.16775429
-2.79480415 1.66313200
-18.08215959 -16.14836388
1.48995860 19.21149265
7.32366926 -19.58511176
13.44931879 -1.73885345
-11.86065838 -15.99648660
14.00206877 -0.37727506
6.25891061 4.57039188
5.86075341 -15.01989245
13.89668384 -6.48935981
3.61271052 10.48845425
12.73599248 15.61624225
-5.11169372 14.87886646
7.01218978 -2.74245856
-4.82516009 -10.00325231
-6.94454487 18.90493025
12.90603120 3.19828419
-18.18841939 -0.39565298
8.20474922 -16.41796158
-17.52198307 -1.80678723
-0.49447996 12.18042370
12.82320254 -4.72003913
-18.25663605 -12.65120101
-7.35213959 11.69530016
-6.45518912 -12.18678633
15.12608636 -6.82027720
19.41134592 9.41881876
-12.37707798 -17.23657461
8.93593336 13.83658041
15.91100469 14.63651963
-14.84686026 -16.03762871
-3.52286501 15.45165012
-0.37589646 -12.86920649
5.57988402 -0.86851002
-8.77455242 -6.62419826
1.27258498 -12.53449935
8.39331728 19.96428642
17.97651430 -4.81722783
-19.24436857 1.10479249
14.24587214 -19.95315064
7.09373223 1.83343609
1.31362854 9.15144067
6.28580478 -17.48711138
2.62213585 -16.11577391
-18.02818391 1.88530792
-6.41067213 16.23530387
-19.87172252 19.61983908
4.92958585 -12.43769105
5.93221775 -15.70945452
15.31024992 -13.52075955
-10.15858235 2.27008364
-11.90906436 13.22812063
-17.84319081 -1.53093671
-19.23956499 -13.26587655
2.94491788 -15.70535146
-11.46198837 12.67872991
2.12133520 -14.26915903
8.24071749 1.69644223
17.19140423 -11.47765023
-4.44877765 -5.89668921
-3.55055727 -19.51791537
-1.88782352 13.03254442
-13.26606112 -17.83780771
13.89956924 -10.65893664
3.50394308 2.50024213
-7.98820078 6.44660180
5.20996429 -17.91183073
8.42482171 1.99707107
9.15711025 -13.99488459
-13.59416587 17.29624354
-0.42714712 11.17429680
15.98575824 5.82335025
1.59657320 -16.20729253
-2.33179576 -3.11361820
9.12807557 -5.29982231
16.19015849 4.04636992
2.83072435 14.58901604
-10.62137726 9.89254231
16.80130181 0.63732494
7.64333522 -0.20541002
-3.78135377 -4.77083764
15.92103164 13.16628157
9.75751540 -15.66247887
10.09848747 -9.29356562
-15.74287547 -15.59037457
0.43289222 16.84408128
-8.40816382 -19.22670950
-19.76776032 17.43761827
-9.31000034 11.52443101
-4.55531814 7.85239661
-10.79273938 -11.49736408
-13.35893501 -10.06934660
-0.48808444 -8.36421549
-6.69283652 6.84923041
11.72618529 -6.33649851
-16.56248323 7.88165495
14.17330478 8.42054276
-8.39156431 -6.16391985
1.98306296 4.00438507
15.41405781 5.89813331
13.99357258 5.08705683
-6.94489924 18.14006096
11.18409929 -13.51592350
8.46383251 -11.04466108
-0.39849135 -15.73806745
3.48343668 -3.52035840
-16.29027549 18.95075901
18.39971186 11.05131210
-13.01660478 -17.65066220
-13.34585355 -13.48692857
-8.15552506 16.27135783
9.21856566 -8.27852724
10.90894365 12.27424684
-18.81948688 -9.12339433
16.88788020 -16.52407142
-9.29332999 -14.01221156
18.39777422 -9.82128472
-8.05251812 5.57798390
6.27494011 17.82191349
-15.08944364 -17.51378799
10.31198838 -6.57546385
19.27703133 -1.62641583
-2.78205864 19.64517580
17.38265038 17.01822003
1.78015123 13.79096576
6.38558903 -10.44249329
-3.26776600 1.43180580
-1.67687468 1.71462409
16.64815445 7.59793273
-1.77554366 11.70576015
10.96226343 -8.25649076
-3.22922748 8.91261586
8.61698232 4.75396056
-15.08266475 6.16964353
11.16659598 -18.86260827
-10.28994395 11.29933138
-1.38257084 10.80572934
8.40685006 2.43774971
-0.00606878 16.65655397
16.28821419 18.20161647
-9.16112746 -7.32896918
-2.04402809 -2.17053456
-13.87318370 -17.66823009
14.78656440 -17.50416354
1.19649005 3.20442440
-0.34202417 6.32264006
-6.53153446 18.81332105
11.05363806 10.04160745
-9.74307303 3.42315006
10.53916494 16.81294511
7.26543736 1.21435178
9.94802187 -1.91063955
-8.04253703 -10.75088851
-11.06235371 16.09927387
-4.13902651 16.29578793
2.04920375 -8.25026213
11.50688055 8.80670311
-15.64533337 -6.30690132
7.36109725 9.41398016
0.06172731 -3.10105170
4.82789530 -14.30271468
-15.80778134 -15.31089923
-10.04092753 -8.46732947
12.23035108 17.34443394
11.53930941 -7.00237305
16.15178415 0.86318746
5.19544524 14.70976744
-11.96843565 6.76698590
-7.04470230 -5.49775505
-13.60085636 4.80567933
-10.23522355 -10.65093033
-11.23411002 5.30704015
-13.33043660 15.44766727
-17.25571120 -16.18420931
15.39115231 -6.19383874
10.79992592 -16.13105848
-12.18438856 11.52300278
-5.34495259 -9.71402542
-2.12483421 2.82281999
-14.64737955 -19.67921236
-1.95425638 -7.21398751
2.73116724 12.59193962
-11.75284696 -17.63514575
2.81303424 19.19433769
15.58988287 8.09344427
-9.76348677 12.57041752
19.89108655 7.81023876
19.66293995 8.89609233
4.79016161 17.79946072
-0.25056402 -0.45182303
-14.03361090 3.09360188
7.26754446 18.48426065
-14.88474446 -18.57494362
1.60758060 17.57683505
-10.66181080 19.81150027
-11.75904324 6.05712623
-19.74309701 17.22458583
16.66344250 -18.97253660
17.78327421 4.89308279
7.17626233 0.62218325
15.29250024 -6.13421916
-9.52262533 -18.29464586
7.37804484 2.90826258
-13.47281530 15.09294182
17.56712424 1.60590871
-7.00488758 -16.58735380
-8.01754980 11.58011675
18.58407806 8.61803283
-1.33839969 -4.25574931
8.26795421 15.87009911
-5.61672411 -3.89707952
3.63321425 -11.18339580
1.34886533 17.96467950
-8.85876783 13.77392843
8.60164819 -7.41047846
-14.94543265 -14.54516688
-5.56213655 -15.99778685
3.87449284 16.21664639
5.77646136 9.17650418
12.97168276 19.53638241
3.40615124 -2.18708819
-12.82171561 4.89059509
18.22792758 3.97371112
12.95103701 17.48650893
-19.09285529 1.22518575
-17.19079887 17.32704741
-18.54748165 7.40884468
2.27297395 -5.21014813
14.78940293 15.71656916
16.74878336 -1.79233281
14.99821640 -1.91510583
-1.72484601 -11.90096319
-7.55775382 -1.63718193
-13.40567285 -13.50028366
8.13025459 18.57706778
-16.33806360 -19.70327276
-11.56947500 -13.02333597
-19.35665731 6.40633293
-8.15733050 -18.39662399
14.21147314 -17.98710108
2.25388772 -14.14795086
-6.76665757 -6.15813106
3.73966111 13.56804317
-3.00741121 -5.63893614
-10.19057636 17.93800281
-1.69937915 6.77075661
7.31696321 -19.26287055
-15.05609418 11.85183500
13.36793924 -3.62792979
16.73618826 -6.90198329
17.23191652 12.10190889
4.39188690 -0.87419901
-18.44219772 -2.01001083
18.18249194 -14.16565831
16.86748788 10.91681654
-8.29027507 -7.81497045
-5.55264067 5.50999203
-0.22647861 15.24431823
-14.39269516 -5.55907366
-7.41577263 -19.24872742
-9.57794978 10.39639722
-14.71630424 8.88004176
7.03905429 -0.48695261
7.94591837 -7.78262028
-12.21838547 17.08520589
5.97299889 16.95092428
-3.81745049 -18.03248497
16.72649651 -5.64137299
-17.40228217 15.38616386
-0.51890833 -8.06272144
-10.17859697 14.37116780
-16.26802949 13.74391469
4.99947952 10.89088477
-10.57382479 10.87033890
-9.25053323 18.50473082
14.27573698 3.83910284
-7.24354488 -18.12584725
18.50039592 -5.92528066
11.26576254 1.38502330
-18.08699071 3.33801609
-0.29920462 5.26203245
-8.33972225 -17.93602279
-2.22113353 -12.93584241
10.34378544 9.99232768
10.89457596 0.30457415
-11.14900092 19.40699433
17.73818935 -3.84510161
4.15521434 -4.88801348
-11.46816701 -2.06908828
1.95480841 8.97611886
1.11632390 -17.43740825
-10.25374405 6.37601674
-10.15763971 18.07861872
16.59529010 -19.86771286
-1.24484275 -10.73326460
-8.46151557 3.99048931
6.98416327 -9.25217933
12.63084251 17.11581538
-7.79001528 -14.65115688
3.71687338 -10.73966055
18.10070346 15.83230961
7.67309512 -15.67130235
1.47652391 -6.17564698
-17.76133117 -18.86605984
17.96794900 -10.08388567
7.61182380 -17.07597492
14.89079432 -4.96400395
-9.36201444 -11.26214994
-2.36379925 -18.28161498
-7.32817593 10.56675862
-15.38656941 -2.88595420
3.92854617 -14.13663080
2.31638149 9.86634274
-16.80456955 -8.19745549
-7.59357247 7.01605730
-7.38510487 16.67829162
-15.70567665 -16.19201691
-9.24308518 3.42426631
-11.40365203 -15.42431251
-9.20485187 -0.73329809
-17.41760274 0.61653482
7.41802279 -5.06430973
12.26202088 19.88132405
6.40573564 -14.29925380
-13.03089338 3.95357935
-5.49290723 -19.60128084
-17.04795991 9.41292836
-18.44072069 -5.27565040
7.94455465 4.89035358
-19.63329566 8.18908226
-12.63806941 -12.29115385
-14.82663332 10.82401251
4.85844989 -1.67476546
16.48012094 9.39221084
3.85215394 16.35899734
-17.19709444 -16.40554767
1.38233492 10.56539513
-17.63449364 7.59446502
13.01125338 18.24461303
16.22077184 -16.71452901
15.38580078 -10.51479505
16.13067679 8.44625557
7.57396670 12.23217478
8.17972236 5.09313538
9.99246601 -7.60345234
-17.73712490 17.25138027
-7.26158720 -4.07309308
9.90966891 6.80551649
10.18672505 -5.81169415
-9.43483454 13.68480883
3.21654783 8.87251291
-2.19544278 -17.23858245
17.54997823 -2.87964982
-11.30442849 7.47432388
0.81391674 1.16817087
-9.42430792 9.23256042
10.58307003 5.17022019
-2.52332271 -16.60379005
-10.56412299 18.37687373
11.62441288 8.49260339
-10.11711387 3.96431650
5.07759413 5.09278594
18.93056068 -13.51448054
18.33014675 10.75218496
-13.47040117 -5.20158372
-14.76411749 17.35992469
-16.47805714 9.46384479
6.28976118 -0.27976396
4.25309186 9.88932088
-11.38567801 -16.03065939
2.40575855 16.59502751
3.66311317 -19.06373003
2.59434428 -19.41475478
-12.77584074 9.37346423
18.36614554 -8.35779849
10.87134765 13.65213183
-4.27796601 -3.31885675
-15.01755962 16.16797288
-18.66205279 -6.13457304
-19.52358719 12.04866647
-13.87624877 10.49251026
-7.20413879 7.43157011
3.52815564 15.39333652
-6.89074017 -18.51753908