500 1
16.42572771089239
6.964236693277305
7.207557245381415
1.8446521080661338
4.0877686138231395
11.000453029420722
10.759259865417574
5.844643903190367
15.934314111194341
11.47292627719838
3.9877220530470447
1.3854730671507531
8.77680549646939
5.92266791488208
5.037148816188017
12.15679127821744
5.407158154501348
14.44428928170251
3.1420936935085453
18.037457916042367
10.277956003244707
8.885298593652454
9.128346229227963
13.452874034306472
6.496065216209994
17.46848395705953
11.784199234355839
1.1859559983066292
13.27034076728754
12.02127806721921
17.574571025942603
14.221905844469989
17.248561595695218
2.059969449371084
19.87524984088138
17.8042467498957
14.380213226137101
12.529158025311283
19.273483287116274
8.75202546560753
16.380305210473015
8.621472746099794
8.469956489592603
15.61510840308285
3.868911507492576
18.758663802891828
15.705983023435062
8.616628184766164
6.720462552769908
1.684220239600862
1.0283734304065884
9.453897574557168
17.59636544534243
12.880927510333908
13.006869327837471
4.71539474069534
17.842585249669092
3.376854764974757
2.7118483373419267
19.51073047474074
13.431289926785052
14.257707911334895
16.44490001073408
19.23451005999332
6.8369883036956525
17.69797731835987
1.1636031714013573
12.550039447935626
1.1994012767885631
6.790543625885848
2.362439498282749
8.24684398499479
16.99509919898022
15.087766589330673
0.3388099091633334
0.31444574308988393
5.178328998331021
8.53982013601703
12.87884582285798
3.712919295089312
8.946952551955349
16.908173822695815
1.1148719210234082
13.809411504703759
17.379136827006295
15.73383245222675
16.5087224145886
0.07432046723449659
3.236578519027127
17.896502064561837
9.255028542401007
13.805636617400094
14.747474790309019
4.518588857179548
13.580973902532616
12.720192767154215
4.3335773300477225
0.09577463554603982
17.52314497668208
8.970092367649649
18.973578543944292
5.256195498252325
9.023193564859664
18.785302526347685
1.1297130079140638
13.94839363940767
1.3502469623248392
19.42456360662832
12.617051389132294
3.676707090700413
5.295595151632355
14.412074373380513
17.597942470071153
13.09686665589899
0.7665292143570057
7.632298453983164
11.769560775861736
14.79621891297775
15.795693312437109
18.352395395783677
4.372162353455451
16.810381804096906
15.765487373477828
6.049103143505925
1.0415381441891425
6.238258092735192
10.148564596052484
2.1135096515507623
2.883795846996291
16.546124767900437
18.814539459933055
2.5376531786190215
7.384707365092035
17.612526252515234
9.892184751836046
19.19822578118379
12.83433621865562
11.795640097395852
14.322966314859718
16.38414626843922
4.110379670079245
16.10877037909181
18.47433722221322
3.5822757471897737
11.449332189353632
18.283336614890192
7.804761258249222
11.433467720173915
16.286643434219464
8.493710261293195
16.40838550415523
10.669209150671527
16.976136514387242
13.105322256637153
6.72091039500935
13.561039889654108
0.31149731112405155
14.859814639874696
7.060469767136186
18.845018960468376
9.944606867251583
6.896016061749317
1.9441918510214307
0.3622676866851271
14.050930769705674
15.649572390980765
5.177065017912121
17.533056709851735
2.4479655582999027
4.499582791192527
14.565959460544429
6.672491578697426
19.816473903235877
6.747598930303478
4.683110347466126
15.47554316638906
3.1681303389938953
18.085765584855242
2.8126378200324753
1.2222878858992736
10.192045191414019
5.560642142104628
19.555230578242845
8.11091797018996
2.092244653266062
15.98288534535056
18.04074329724529
4.947797748401033
13.66030117073276
12.756335032752176
5.467992691671926
7.76987602586879
3.269459063240996
7.3623389058773565
2.808774044269151
18.319008199325175
1.6245982701209272
16.419306667822738
19.3776324980799
9.686332576674365
13.78391804378105
8.205446948039505
0.22396410982241433
11.337874340970828
13.707757637610257
6.174519268998175
8.828950131741909
17.60302363475789
13.922771415922895
5.8568571092008215
3.180918630050409
15.149830389679197
17.210309805679817
1.8845573217233125
16.50432918606171
14.154624976101221
18.11286538823758
14.224098604692024
14.322008824064527
12.369143400956716
8.558453378314814
17.75938357266793
1.4558353777444144
8.248843173730924
11.156426502428436
7.115303253703285
0.8890288655346978
10.025309486218026
13.587443089168197
10.136105478027611
11.785786433029994
13.536860543076399
4.555144416880809
13.015015517509214
18.144463069205322
10.636007436982403
4.719504374739849
3.878297223087299
3.524198615938907
14.156930156113008
12.66145612636606
5.1239773175429875
9.824200730822252
14.66037989394058
17.34885268348184
16.14468399652827
6.28759405359836
0.2562881771302261
5.30038214072362
4.300162236827914
19.996434347537996
15.909391266397533
2.4326650141736517
12.745228605507453
11.671087902364818
11.940476379007656
4.800707097107795
15.061668968003069
16.47303664471657
18.103975753110767
16.338833964296764
8.40196163983817
17.66919728156993
14.252597324074186
9.727169889877965
18.998032366798064
6.435906004673808
6.030010867776525
3.367113172266225
11.130199812652537
16.66990942295415
6.425506384246211
4.923297320605526
9.907342539073156
18.437173250928602
19.73531898192904
0.44236056189487005
11.182204997210192
1.3314803959145283
18.400337957143723
9.863271093362515
12.291942530276689
12.533831503596959
11.378696420631787
3.855014633653926
8.603925521112556
7.309842887870683
12.115361163138685
13.999119732935954
9.968593327406886
5.78301865380727
19.816778813425074
18.987015090235094
1.6867040916980258
5.009995618039127
4.341821852005053
1.515955572153087
18.224170225827834
19.014968303271885
7.750276463760601
17.576018610559615
4.742809060711881
2.9575722717480946
2.253888704291156
11.98806870684621
18.16949953053086
13.703652333327966
7.150435869741843
4.065900080041695
17.383059267210346
15.750738871009137
16.495519760381182
16.64269471246061
17.933561686475425
19.095767713069108
13.181021267071324
8.11361068816365
4.232766458942874
3.800898151549228
13.873739239486527
15.956889689572328
0.015285441243666487
4.69447885425045
19.763762044967965
19.185331307387123
1.3229067681633122
2.3031326600760216
11.284752160733543
18.80822479000309
8.867176907998873
11.153332690181221
4.804509914891164
7.553188490243468
9.368622979647164
19.743713489666725
4.711017456634801
3.994001070568436
11.965547400573014
16.516709191492712
6.1757086540364075
11.293229323537888
16.75405095868812
2.092249339821215
16.749662119639524
2.4599072806652056
14.445961281880642
17.094900962875172
13.297393598716624
1.137541018734578
9.920059125664354
11.67907295886022
1.0234467900934274
2.2466671499618207
15.4936631437945
10.101108508777743
2.8963629377589117
10.12350054067097
12.371737435940894
3.4257767282309226
17.8562711748337
5.5891223284839615
18.48154395990396
4.445586427276503
12.041573525812305
2.213136771461155
9.249928945761628
13.795381103818796
9.896025166955484
16.733041680960802
5.6370236935786755
14.902914059704527
3.999507965491067
5.103527803622692
3.585151323134199
4.843306493278381
19.853535406046454
5.439721274090106
17.05155299641159
0.8750224179036303
4.820249989049148
17.00224638849225
8.456679976265713
14.730572681112415
19.036439162882854
3.417925505313286
1.6987804644942783
16.724063302694503
4.324283186371513
2.3061059177973964
18.5964105178992
14.140821589863627
4.349750590110977
18.54874103098757
8.736825339222067
10.04053390231819
12.82486176699064
12.57150557604453
16.121579193517956
3.855598779399787
17.068906469765025
9.447815025979205
13.530202973196818
6.0486602884143625
5.014241895043908
15.416374337747698
15.358503340838062
10.695610916135676
17.6012701309294
12.93518652795435
1.0452951480399864
17.223323882306598
6.589204793340098
9.044326804433227
6.107636085166197
3.2551372664547573
5.430555949150071
8.932903974402123
13.48944433849753
13.75042377489557
6.856025990135999
1.4250778456505109
7.048794814870378
8.719365899436276
8.044489876061633
14.036222863325689
6.94230020966531
2.8254861899788586
12.579979743941403
8.097625623840983
5.871264011872466
10.188506076633264
13.588477601000072
12.77355373762662
7.279028261436791
13.185885267644169
16.06558340172962
3.5632690717678783
3.4542137119852856
9.972514055527377
8.838558110114683
13.965607132964513
2.5340617098592255
4.489086841904837
17.785912925185208
1.7452527322541767
12.412166244153592
17.519475815839918
8.686387445505027
7.1043182509296425
11.028490951556577
4.731706649085073
7.074262644914535
11.717037463348412
6.185676490758524
0.6119477313241961
6.317263208252893
10.540521274751768
8.476815426698007
0.8131050638841697
12.760631553587006
19.59289042211014
8.66335689308849
15.105924649726667
7.229769622562692
19.169974691220993
16.197470621632753
2.201873365180429
6.1680318229079205
5.3846030223637875
19.278072686541282
14.87017191973871
16.15211677169795
8.60022381075514
4.339050929593342
1.117261564655354
14.119947287924768
2.6501620172748197
5.8119784936712175
17.711916127392804
9.401428032436458
19.396020559532225
19.438362420210247
9.837961337719639
5.2245424305088335
1.3014346719719172
7.679655119055504
10.696037069541372
14.514940115466564
18.173365736475773
2.4514660431488666
3.2907690129290046
19.292001505785763
1.817785830048766
14.878804850464922
12.721615399682722
10.47489582006354
14.801599801216465
6.344157882580306
13.950077923891541
16.033747761726918
