500 2
-2.90456008 8.64456599
12.26532353 9.18930540
12.25684012 16.63793787
15.24709815 15.97768199
-13.35628636 3.57627446
-4.53018559 -15.23306135
13.02240976 19.77960295
-17.92267056 13.21396702
19.41535183 19.65680713
-4.47098102 6.66814655
-1.51653707 11.42821755
-2.95522630 -13.33917318
-13.99990714 13.32200278
-5.26460488 -16.06726543
-8.75711630 -19.70679478
9.43061787 16.69185216
-11.94635009 -14.73284488
1.03342688 3.83545279
-17.88496073 -2.24815718
13.49328300 10.66702421
-9.68098533 9.12291246
19.70995816 15.20807187
-13.08293136 -3.63089821
19.72669518 0.58310323
-2.93055126 11.72625168
13.99601072 17.56772714
-1.65307173 12.53602746
-10.10128710 0.65748715
2.69557378 8.83081176
9.02765292 -16.61746372
-9.84159781 2.06761481
19.54439161 8.55119674
-4.34150033 17.59838782
5.39886924 -10.30708782
6.01812287 -10.44964084
11.27542780 1.95401340
1.39621534 -5.45055888
19.85860295 -14.42286418
9.14493023 10.02828919
16.87587369 -16.62853651
-17.32018166 -1.10312426
16.02634421 -14.28961327
12.31311344 -19.35071075
-3.19237401 -13.36006500
-6.93741312 -15.27989737
-8.33033808 -13.63014096
19.06940027 0.20123183
-16.95261736 -8.43420814
13.02540015 -14.81109366
5.89081791 -3.35172231
5.01458323 -13.81049539
-12.75765055 1.26619676
-14.41148774 -11.85062914
-1.83662890 1.44020226
13.25521057 -10.04788760
-19.49174258 -16.38741219
7.99609624 -16.87437592
-4.96365198 -17.66534164
12.67477103 13.41793242
7.18400524 18.49229037
-11.54669758 -5.70777364
-19.10675547 9.32840154
-11.29258314 -16.10738239
18.33783602 1.43455386
-1.58473788 10.18394639
5.83787582 8.70316544
5.90296492 9.83923639
-3.22494901 7.46617006
-11.00591188 -1.67697020
3.82742709 -16.30379301
-0.15816147 0.37053619
-2.75636042 -13.51858231
-15.77019857 -16.59970933
12.52889758 19.82619853
3.97256868 6.09165267
19.03323027 19.13790615
9.99847488 0.95762022
11.87795381 -15.84220620
-13.26915312 -14.29436435
-16.04173169 -9.50002279
-17.47513941 -5.08295210
-13.10684379 12.30590488
0.67259182 10.35569984
-16.07228722 -12.42495915
3.08120719 17.28783481
-2.93530524 10.19621038
4.43140740 3.49193579
-2.08284946 17.61412874
8.79702425 1.90945868
5.35241221 4.07790147
0.74554001 -18.39775747
-19.12820108 5.54091334
-6.50057041 17.32375780
-7.28014260 -9.00111732
-8.72663081 10.78639127
-15.43867879 6.97025438
-5.03138016 0.78410507
5.40183960 -3.45247026
9.13655756 12.72895732
18.06828883 5.12681765
-14.15453419 8.70205522
12.54222098 -12.52613076
-7.38334204 -0.88984617
-17.64595714 17.98669206
-16.69232946 3.80198310
13.31268543 10.29904576
12.59545705 2.75061525
14.16420800 13.37695507
9.20362268 0.25925965
4.23370633 -19.82358699
-3.95460094 11.40845759
-9.46743692 14.31645393
9.24725931 -10.22050639
18.68455213 -7.78393418
-4.03335215 3.10076428
-16.40204196 9.13126382
17.25733507 17.56447337
6.80817678 -16.63991947
12.72895761 15.78245106
6.02616793 2.62600705
0.69309539 18.66293804
16.00243760 5.97360863
-11.58998125 15.05839644
-12.50796360 -13.42691958
8.34503863 1.38110540
1.31207069 1.85953624
-9.48584989 -3.55306763
-1.38080890 19.19171254
-7.16873320 -4.62485672
3.56419426 0.21307685
3.94957230 -17.35113066
15.63209886 13.92911659
7.53176382 -1.33407693
12.63655313 -7.77809522
19.29094543 -5.58125916
18.24734106 -2.90884830
-4.08996269 -10.98267594
-7.50065323 17.75407588
7.90600375 -13.52512472
-7.23495596 3.61651055
-18.82570382 12.56988364
19.29240858 -2.72465944
16.71235599 -12.86355549
15.14872306 12.95939186
11.93413704 3.90986717
-17.63272049 1.71449702
13.05553989 13.76809514
18.27523359 11.16580960
-8.64938113 10.05521416
-11.61992628 -18.15367666
-12.03221547 18.06310532
-8.13509698 14.13245854
10.44565955 2.38668118
-16.27170126 2.03656068
7.71291627 -10.99361793
0.24621442 9.13091672
-17.83340955 16.61833849
18.54917156 3.84903500
-5.61897831 5.50801344
-3.18766280 5.86257864
1.91279187 -11.13348410
-2.98976279 16.12322078
10.51413648 16.59090588
-7.49384617 -2.32697726
-5.24777676 6.90030341
-13.58567018 -5.21802949
6.71678967 -6.39095216
-1.52593497 -11.05739522
-4.72674677 17.79081144
4.78991384 2.59352549
15.57802113 15.70119030
-17.66540268 -5.00012305
9.73909812 -10.43846944
0.00849846 4.75097018
9.27569276 0.15849682
-18.00413957 1.64599466
5.49656242 16.60019081
-3.89282420 9.41302829
2.18016753 -0.80860514
11.64812007 -8.34313498
-2.07343555 -13.50541534
5.91260346 -2.05070111
6.88097386 3.72290334
-15.09267078 17.03624860
-17.75229628 2.73995899
-15.64468822 -1.44810515
17.53629448 -19.09846388
18.06023364 0.77655727
5.83041757 -3.23103518
-1.30441146 6.67691880
14.12016987 2.76966438
-9.86325711 -9.97214602
19.07680318 16.98253222
10.40074148 -6.10677317
-3.18753029 11.23190373
-13.48800657 1.40741199
18.25890327 1.51451601
-4.49795068 5.74258704
-19.14669906 -9.23501926
15.02087065 8.78122155
14.38117092 -17.64214878
9.70758041 -15.47804691
-5.58322899 -5.63214736
-5.93000185 19.89862708
11.58157504 1.61624320
-0.36829087 1.36545662
-9.99506219 -5.19987907
-3.91229781 6.47285645
5.31831161 -18.22233095
11.80902714 5.65177086
-18.99971668 12.06953864
14.11928162 -0.33070858
13.35166735 -18.70510752
-11.98689360 12.02396580
-6.45471223 -18.44949904
14.63400201 5.34624819
-15.17861862 3.54751118
14.00819082 -8.52795268
-2.43716189 11.19337537
2.45133480 -17.04380250
11.59602527 19.20430862
-4.47196258 6.60740426
-13.56625491 19.80793608
-2.96795668 -15.02677909
-6.32531437 -3.68069032
-11.37764807 15.89727518
-13.64797320 -6.21836394
0.88218885 3.79505561
13.01867478 -17.93039155
17.95509478 -18.86527767
17.06293185 1.16698958
19.75878425 19.34506304
-1.39384755 7.12142560
10.38307387 -15.50220289
-13.66586281 4.37252099
8.86385210 -6.24609130
-16.16010857 -0.35691422
-7.89426493 14.18190317
7.12072890 9.62629293
2.72477722 17.66796483
19.98082405 -14.66323010
7.24156735 11.72331569
-2.20913258 -9.14604688
5.12492188 -10.84962544
14.91568720 -9.35140183
1.36687563 12.15254989
18.30780060 -10.00924774
-11.31274837 7.05361808
0.73505552 2.85213735
-11.67099980 16.74076423
6.64827140 14.03132878
1.88109341 -3.98322712
-7.42859085 -15.45864311
18.87413363 -13.62257543
-5.83837079 3.30302437
4.17310775 -7.23587423
8.02471970 2.35821209
-1.23675786 14.48520708
3.10156741 -5.92913245
6.20233916 -1.87817405
0.20361325 10.51301206
-7.87569762 -18.56007421
8.66874175 19.86037371
-6.93737397 -7.23282214
14.66828475 5.85400042
12.60002333 -4.21629685
17.26877063 2.79193206
-17.84818678 -12.51388831
-14.70189288 -12.91794369
16.22709658 -3.55982168
0.60741013 8.56664766
-5.09432171 16.21641300
1.08619540 -17.92561745
3.95050444 6.09981302
-5.05126282 16.79808826
-13.93836464 9.80655286
15.37735892 9.16385407
1.24665402 -17.10345735
-2.44821760 10.86022810
14.07420936 12.53390443
12.14778233 -6.17029206
8.74465261 17.00317688
-9.28524969 -7.41510943
9.91531929 0.47074575
11.34913159 -4.49673157
12.86189393 3.99106684
9.36213472 8.68675466
-7.34776949 -6.34606221
5.24496856 19.79868624
-10.29539023 15.34119746
10.58091121 2.44205974
14.84010765 19.10180066
-4.50997261 -0.45398721
-9.99056877 3.39512916
-16.97081014 -6.56794420
-14.46853240 15.93218319
12.54645592 -4.36527523
1.29675429 5.74140887
-3.11008836 11.64180225
15.68731302 -9.39673614
8.53474854 -2.10049570
18.03545541 4.14967449
13.20063131 -6.01181676
1.34658269 -15.10527054
1.88676559 10.90181235
-12.24966478 -19.60906600
-3.68656469 14.35343995
18.72396128 3.07025963
-11.98347845 4.75241462
-2.16107581 -1.62570784
-10.81149368 -1.61078296
-6.14270851 -17.89547446
0.98797217 -1.54116045
-6.46515320 -4.43736027
-8.15675202 -10.88185534
-6.17039295 -19.19177941
15.29706217 -4.31290699
15.49371915 4.19902450
-11.08443638 13.10035959
0.74911861 -11.78128160
-4.02365135 -8.78682030
6.75596232 -11.68916661
-17.60759584 -16.20766574
16.08845049 10.20996397
14.52856935 -13.26756252
0.85266351 -12.90558317
0.73283735 9.12628652
1.70036609 -19.23521956
-2.52519525 -19.14908878
-4.10205800 -15.70784320
-15.64839479 12.28655867
-16.76012021 -16.01653488
-16.70829358 9.10841388
16.95749107 -0.81623309
-3.16685965 -8.35668800
14.16138827 6.97057316
19.22827616 -12.86953481
-18.01858474 -3.09577753
8.40361518 5.05093919
6.25458118 -8.96960086
-8.31176110 -5.56157693
-10.01720238 19.23928376
-19.72538819 3.10125088
-9.04943587 19.32527968
-10.59034860 5.42369446
6.17652492 -2.31458544
-10.46308259 -12.60974170
1.49127424 -7.09246226
-12.06959534 4.87292790
19.29470606 8.51250724
14.58284385 -11.12438704
11.97438282 -3.55893041
-16.30951292 2.33790417
2.49716668 -4.47381221
-4.86026999 -17.34829103
-4.90071624 -7.31254165
-16.60304854 -17.85710856
-10.06520016 -17.05618499
17.50755412 8.57836288
-5.71806670 -19.95297702
-12.42951471 17.83767259
5.59286936 -2.91302046
-5.83605214 -0.87293441
17.20909386 -3.30567838
-2.04274337 -18.55942234
-14.93452784 -7.20935117
6.55197444 -15.75395454
16.93028677 -7.14030342
6.21518908 -19.24582658
-6.22092350 19.85301759
-18.03026071 16.06634527
7.22742342 7.38197672
-12.48495237 -11.10606800
-0.58875393 -1.36922238
1.49794676 15.97039411
-10.90338517 -4.05693402
-19.40853224 -11.19691955
13.43766476 8.42000402
-16.65392932 -11.31248792
2.15196340 -13.87970997
7.83665375 19.18535932
-2.78497575 13.68906103
-17.71796411 2.02993322
-7.39055483 -14.78390680
-7.80538974 -9.51924636
6.08596296 -5.60498361
-8.58062007 -1.55372300
-11.87530856 -3.86343674
-16.45328787 -9.01745355
8.56888923 8.14372104
-10.55517954 -18.39406018
17.45715538 7.33053710
8.34297668 -16.01440855
19.14243559 6.75356872
18.55122756 -7.25582214
9.27883621 -5.61746465
11.25834022 0.71637195
18.50343776 -0.62418049
-13.41122534 2.33757026
13.05333165 12.10128361
-6.91507420 3.94077456
-10.97788808 18.60769189
-12.82174370 -2.22210818
4.42329151 -1.99543814
-14.21207520 -13.42093203
-12.92319467 -11.32260578
-9.66239204 10.33633338
-17.67901943 -12.77588809
16.89581099 -3.10116604
1.37702008 -5.79243442
-14.05917030 -7.72389299
-2.43564756 -18.93269469
10.23521463 -12.52825667
8.05058719 -13.47113222
-10.99251096 -13.28564756
-10.31496339 5.96949146
19.20049973 -16.31899082
12.24304478 -11.95099243
-19.31040142 -0.09656644
14.01750901 -9.45121753
17.20068513 19.68957645
10.15995966 -12.19594016
19.35561888 18.90305372
6.18502723 12.32125652
-12.97478154 18.13097496
-0.53074901 15.53077694
-11.29886142 13.51449095
-0.96374550 2.66347754
-14.98762242 13.78518600
-8.96042477 3.95854124
14.86948798 5.09026486
-11.43886465 -15.87619124
10.10665275 -4.76671903
3.11181213 -13.01249734
-17.72915577 8.35449449
-8.05621497 0.51537542
-8.52956748 19.67432040
5.46186846 13.56127029
-1.20282022 -8.76645383
2.07026844 10.70120111
16.32289252 -17.34528218
-10.49495472 9.49012834
-6.76751575 -18.50216130
4.80391261 18.91058851
-8.92413670 10.62419026
12.33713471 -15.26250457
10.83193100 -4.76177500
-17.39763174 -17.15490367
14.93630612 5.71360327
7.67092899 -3.03055810
2.22408961 -13.59125892
12.76921353 -6.71494482
2.69195011 -18.48444251
-12.21995238 -16.40458861
7.41704959 0.74936268
15.22666369 19.58629788
7.64753114 -10.71499205
2.46339446 -7.31550752
-10.29286222 1.08985377
-11.63110343 11.22245155
1.80366335 -12.06188603
-4.62907748 10.32599769
16.09845737 -12.99324919
-15.69626102 11.65727886
-0.58544584 -13.70779423
10.88505773 15.59124025
6.58502966 10.84762728
-7.61854811 19.11234069
17.83244076 9.51642990
-10.95325937 10.14822670
0.05099882 7.74616689
-14.51083026 15.90793608
9.73614495 -12.91798260
7.80711828 -15.05188681
-7.36762217 -8.80256118
4.80999255 3.41584158
-18.32424699 -1.32484981
-4.97949356 11.14388712
-10.57373403 7.05218857
17.87379000 -10.27859449
-13.04876916 -13.88243228
-17.30095073 -5.60088110
-4.99950470 -16.29431591
-9.20518432 18.82900033
1.17501501 3.66277336
9.45147502 -14.27527680
17.13065224 4.09567072
10.57705298 -12.90152815
-18.36274712 11.05021924
-9.93142842 -6.37730025
-16.83751952 -15.20269406
-7.56269983 -5.44291737
4.93347525 2.87986503
-11.29733850 -9.07222878
-9.32216329 -7.07883133
-16.71096606 9.45082769
0.54770337 7.53389011
10.24550974 -10.06759758
7.82246193 14.35425305
2.78608028 -2.41048804