30 8
1.2664890479363742 1.821533157532899 1.5565957353326123 1.0657493328545564 1.6694250692757486 2.6750757675769945 2.521882041284546 0.43335487260588607
1.0374436451944666 1.673224907686178 1.7707597065186866 1.2859306836979423 1.5229605300136042 2.2213525794921694 2.331330421120601 0.6433635328375051 
1.9512554188415072 1.4852666336099447 1.6517565119296764 1.0184296441186391 1.239579152553304 1.8398913852298973 1.5760869234083275 2.6687762141048843 
1.1630318949603564 1.2577056769324373 1.0362581315925048 1.4664107313821633 1.2951729798493683 1.834494251430865 1.1789185847115022 1.6116406968352002 
1.1810316782527854 1.751547105814343 1.9529954865737396 1.1525243125781623 1.9430927947406818 2.7339734811263106 1.5180233036182535 3.051246739400913 
1.6096302899657036 1.9922129838988791 1.0961943117448447 1.0092554864048504 1.7387590136259097 2.499577240489301 2.575811901009854 0.44769758358698314 
1.8570814213810205 1.631938855641552 1.5192977857019034 1.2490585803274254 1.9471324756997266 1.3941478885834069 1.9656671930069385 8.41259375359654 
1.4682450356826338 1.7672230641050903 1.5117907813840388 1.7588610327983445 1.0509698324660373 2.9137899823424487 1.7054592305212983 1.2033941629056124 
1.180941321815772 1.6763809810255441 1.8222325674762847 1.2591189951583526 1.1222628936351695 2.1504466883483486 1.5305179610655144 1.5251574401212327 
1.1613309614698653 1.294439383921884 1.3009663909168523 1.0758109194136567 1.3982698301534229 1.3692954771214516 2.9888499861386855 0.291889308573704 
1.3668876817108422 1.4741915012050124 1.0233333904156836 1.377063090747272 1.8568636737238873 2.304532580711781 2.397325486045938 0.4344684331157866 
1.481824797956044 1.383485451226775 1.9235958015831063 1.2414923373809423 1.0111590683776088 1.3820780250592215 2.021265143615988 1.5568045262118262 
1.4356276071810954 1.166578880760053 1.9058655767374058 1.907253028087645 1.0481417972945963 2.811171400418782 2.074228158614681 0.5860942138918233 
1.5882777591037305 1.0069730925496534 1.7652729875500908 1.615233338125607 1.571396238460621 1.091686059309345 2.123293789113223 4.633025217180362 
1.2415379706625238 1.323827021918829 1.8975278384648444 1.6367249260264378 1.5963755248785616 1.326704647270536 2.8376415132828816 2.46973850225153 
1.2596229144379572 1.972357262819608 1.858973254937927 1.6862840197738844 1.43075202786645 1.5001581683981093 2.470543754203102 4.337796860734422 
1.2402588814884807 1.537141322132916 1.9327900891536869 1.7206698183730924 1.7682294572098491 1.2897501105494902 2.9783905268104434 4.785782899220952 
1.0786999274560656 1.733343739573394 1.9418330868555194 1.3586617692828278 1.9708243481699717 1.6628793137736797 1.5111760256044813 9.662565990814462 
1.9259118464656884 1.9992303988088285 1.1317887977042185 1.0806870792234125 1.5487038361696888 2.0953433048408736 2.821810555933662 0.7971434112330128 
1.0847924013878814 1.2845065880326414 1.7628489120530282 1.533273971199547 1.599526949281504 1.151920361354018 2.9426170921883523 1.7436737818730927 
1.2498634943268256 1.6616249575762914 1.59113913575032 1.6994428763393612 1.8956457105880147 1.4787593340497236 2.9323299640009974 3.3109031058548437 
1.6640205475241527 1.7206323922581057 1.8080841036145947 1.1601679534415577 1.5054399230421183 2.0607455041504714 2.8704622529675707 1.2483681919292111 
1.6349836808162477 1.1532705494856712 1.090151856804467 1.2415590030616113 1.786257844470292 1.7890264026363347 1.796593634391893 1.0837088464486433 
1.5641102041466401 1.5262845659538369 1.4571091484767043 1.871556036507426 1.3061635355830576 1.8935803443385806 1.7510618173726153 3.6251118535637605 
1.47533410638174 1.1187861853189776 1.0773124366133497 1.3524966087404688 1.507375162456826 1.9154932194397087 2.0784230172854583 0.4054650324017276 
1.2041149656824897 1.5686746232343425 1.5869143375704455 1.60280488069724 1.3392995279396476 2.8214902723956277 2.585143985438968 0.3802510857854234 
1.7013934554387586 1.6941235255324296 1.278745083457788 1.099142397623599 1.9135461996521212 2.8337718817735644 1.6440009233724087 1.6246190183303804 
1.6731627473507078 1.3649443157666812 1.4112394022970647 1.841175666120266 1.6376076258547059 2.646967603242905 1.7442710487295743 2.4505092863442983 
1.6033142432439684 1.5724207656365796 1.4400343247346576 1.653574790598589 1.8218140132410285 1.5832841384199838 2.3523251506953673 4.106512332255778 
1.6426729957835713 1.9569385927966452 1.506999226661247 1.6256434275465104 1.6206447358554503 2.0906563147467585 1.8202436378493474 5.992974004424502